[gd_scene load_steps=31 format=3 uid="uid://bd2s4wf2tu7sm"]

[ext_resource type="Script" path="res://Scenes/Models/Player/Player.gd" id="1_dvppb"]
[ext_resource type="Resource" uid="uid://c08l7gnjmjaqu" path="res://Scenes/Models/Player/MovementStates/run.tres" id="2_mml65"]
[ext_resource type="Resource" uid="uid://difpuuckqhvsv" path="res://Scenes/Models/Player/MovementStates/stand.tres" id="3_moa87"]
[ext_resource type="Resource" uid="uid://brvevs4yorhgf" path="res://Scenes/Models/Player/MovementStates/walk.tres" id="4_vttyl"]
[ext_resource type="Resource" uid="uid://bl52gdpkd3csn" path="res://Scenes/Models/Player/JumpStates/jump.tres" id="5_qm2u8"]
[ext_resource type="Resource" uid="uid://dnvfiisdtrht" path="res://Scenes/Models/Player/GlideStates/glide.tres" id="6_mtxa7"]
[ext_resource type="Script" path="res://Scenes/Models/Player/audio_controller.gd" id="7_7iij5"]
[ext_resource type="Script" path="res://Scenes/Models/Player/movement_controller.gd" id="8_j5sic"]
[ext_resource type="Script" path="res://Scenes/Models/Player/animation_controller.gd" id="9_eodew"]
[ext_resource type="PackedScene" uid="uid://bhdvfievnjoad" path="res://Scenes/Models/Player/Player.tscn" id="10_5kxhf"]
[ext_resource type="PackedScene" uid="uid://enjqiqwhpu7" path="res://Scenes/Models/Player/Glider.tscn" id="11_inerc"]
[ext_resource type="Script" path="res://Scenes/Models/Player/Glider.gd" id="12_sntr0"]
[ext_resource type="Script" path="res://Scenes/Models/Player/camera_controller.gd" id="13_j0ncc"]
[ext_resource type="Script" path="res://Scenes/Models/Player/SpringArm3D.gd" id="14_jlokr"]
[ext_resource type="Texture2D" uid="uid://dt0nnojl3rji0" path="res://Assets/Character/Textures/Damage Overlay.png" id="15_4lvj7"]
[ext_resource type="AudioStream" uid="uid://pt0u3r8i0vdg" path="res://Assets/Sound/Effects/damage.wav" id="16_0wh5x"]

[sub_resource type="CapsuleShape3D" id="CapsuleShape3D_ny02q"]

[sub_resource type="AnimationNodeAnimation" id="AnimationNodeAnimation_uhh3q"]
animation = &"Falling"

[sub_resource type="AnimationNodeAnimation" id="AnimationNodeAnimation_4lju0"]
animation = &"Glide"

[sub_resource type="AnimationNodeAnimation" id="AnimationNodeAnimation_6t4by"]
animation = &"Jump"

[sub_resource type="AnimationNodeBlend2" id="AnimationNodeBlend2_p55mh"]

[sub_resource type="AnimationNodeOneShot" id="AnimationNodeOneShot_rmhht"]

[sub_resource type="AnimationNodeTimeScale" id="AnimationNodeTimeScale_qoddc"]

[sub_resource type="AnimationNodeAnimation" id="AnimationNodeAnimation_sivxs"]
animation = &"Idle"

[sub_resource type="AnimationNodeAnimation" id="AnimationNodeAnimation_wbm5n"]
animation = &"Walk"

[sub_resource type="AnimationNodeAnimation" id="AnimationNodeAnimation_ci5d5"]
animation = &"Running"

[sub_resource type="AnimationNodeBlendSpace1D" id="AnimationNodeBlendSpace1D_h2nin"]
blend_point_0/node = SubResource("AnimationNodeAnimation_sivxs")
blend_point_0/pos = 0.0
blend_point_1/node = SubResource("AnimationNodeAnimation_wbm5n")
blend_point_1/pos = 1.0
blend_point_2/node = SubResource("AnimationNodeAnimation_ci5d5")
blend_point_2/pos = 2.0
min_space = 0.0
max_space = 3.0
snap = 1.0

[sub_resource type="AnimationNodeBlend2" id="AnimationNodeBlend2_gxhi5"]

[sub_resource type="AnimationNodeBlendTree" id="AnimationNodeBlendTree_0fiv8"]
graph_offset = Vector2(39.6885, 312.508)
nodes/Animation/node = SubResource("AnimationNodeAnimation_6t4by")
nodes/Animation/position = Vector2(400, 400)
"nodes/Animation 2/node" = SubResource("AnimationNodeAnimation_uhh3q")
"nodes/Animation 2/position" = Vector2(120, 620)
"nodes/Animation 3/node" = SubResource("AnimationNodeAnimation_4lju0")
"nodes/Animation 3/position" = Vector2(140, 740)
nodes/is_gliding/node = SubResource("AnimationNodeBlend2_p55mh")
nodes/is_gliding/position = Vector2(660, 580)
nodes/jump/node = SubResource("AnimationNodeOneShot_rmhht")
nodes/jump/position = Vector2(1200, 520)
nodes/movement_anim_speed/node = SubResource("AnimationNodeTimeScale_qoddc")
nodes/movement_anim_speed/position = Vector2(660, 1000)
nodes/movement_blend/node = SubResource("AnimationNodeBlendSpace1D_h2nin")
nodes/movement_blend/position = Vector2(400, 1040)
nodes/on_floor_blend/node = SubResource("AnimationNodeBlend2_gxhi5")
nodes/on_floor_blend/position = Vector2(1580, 720)
nodes/output/position = Vector2(1860, 660)
node_connections = [&"is_gliding", 0, &"Animation 2", &"is_gliding", 1, &"Animation 3", &"jump", 0, &"movement_anim_speed", &"jump", 1, &"Animation", &"movement_anim_speed", 0, &"movement_blend", &"on_floor_blend", 0, &"is_gliding", &"on_floor_blend", 1, &"jump", &"output", 0, &"on_floor_blend"]

[sub_resource type="SphereShape3D" id="SphereShape3D_fbxo0"]
radius = 0.07

[node name="Player" type="CharacterBody3D"]
transform = Transform3D(1, 0, 0, 0, 1, 0, 0, 0, 1, 0, 1, 0)
script = ExtResource("1_dvppb")
movement_states = {
"run": ExtResource("2_mml65"),
"stand": ExtResource("3_moa87"),
"walk": ExtResource("4_vttyl")
}
jump_states = {
"jump": ExtResource("5_qm2u8")
}
glide_states = {
"glide": ExtResource("6_mtxa7")
}

[node name="AudioController" type="Node" parent="." node_paths=PackedStringArray("fall_damage_player", "main_song", "sound_effects", "player")]
script = ExtResource("7_7iij5")
fall_damage_player = NodePath("../FallDamage")
main_song = NodePath("../Main Song")
sound_effects = NodePath("../SoundEffects")
player = NodePath("..")

[node name="MovementController" type="Node" parent="." node_paths=PackedStringArray("player", "mesh_root", "hurt_overlay")]
script = ExtResource("8_j5sic")
player = NodePath("..")
mesh_root = NodePath("../MeshRoot")
hurt_overlay = NodePath("../HurtOverlay")
glide_states = {
"glide": ExtResource("6_mtxa7")
}

[node name="AnimationController" type="Node" parent="." node_paths=PackedStringArray("animation_tree", "player")]
script = ExtResource("9_eodew")
animation_tree = NodePath("../MeshRoot/AnimationTree")
player = NodePath("..")

[node name="CollisionShape3D" type="CollisionShape3D" parent="."]
shape = SubResource("CapsuleShape3D_ny02q")

[node name="MeshRoot" type="Node3D" parent="."]

[node name="Robot" parent="MeshRoot" instance=ExtResource("10_5kxhf")]
transform = Transform3D(1, 0, 0, 0, 1, 0, 0, 0, 1, 0, -1.02912, 0)

[node name="Skeleton3D" parent="MeshRoot/Robot/Armature" index="0"]
bones/1/position = Vector3(2.455, 8.73149, 3.16529)
bones/3/position = Vector3(-2.46437, 8.73149, 3.16529)
bones/5/position = Vector3(0, 5.70156, 0)
bones/5/rotation = Quaternion(0.0703003, 0, 0, 0.997526)
bones/7/rotation = Quaternion(-0.446676, 0.0894721, 0.0559693, 0.88845)
bones/8/rotation = Quaternion(8.73833e-08, 1.19501e-07, -0.0948443, 0.995492)
bones/9/rotation = Quaternion(3.50304e-08, -2.3649e-07, -0.0701884, 0.997534)
bones/10/rotation = Quaternion(2.13501e-08, 2.37386e-07, -0.0418757, 0.999123)
bones/11/rotation = Quaternion(-1.17175e-05, -0.0019178, -0.0061122, 0.999979)
bones/12/rotation = Quaternion(6.10094e-05, 0.00191675, 0.0318213, 0.999492)
bones/13/rotation = Quaternion(-4.33752e-08, 1.18321e-07, 0.0725588, 0.997364)
bones/14/rotation = Quaternion(-1.18842e-07, 3.54498e-07, 0.11069, 0.993855)
bones/15/rotation = Quaternion(0.00125985, -0.00904046, 0.138039, 0.990385)
bones/16/rotation = Quaternion(0.00206252, 0.00889125, 0.225973, 0.974091)
bones/31/position = Vector3(-1.19904, 2.98768, -2.19949)
bones/32/position = Vector3(0.0409813, -0.261409, -5.76169e-05)
bones/32/rotation = Quaternion(0.000113419, 0.000698987, 0.160203, 0.987084)
bones/42/position = Vector3(-2.74072, 2.21723, -1.56539)
bones/43/position = Vector3(-0.0409653, -0.261383, -5.77883e-05)
bones/43/rotation = Quaternion(-0.000157933, -0.000690231, 0.223101, 0.974795)
bones/52/rotation = Quaternion(-0.377764, 0.257727, 0.528913, 0.714928)
bones/53/rotation = Quaternion(4.43221e-08, -1.03007e-07, 0.106332, 0.994331)
bones/54/rotation = Quaternion(4.29246e-08, 2.38147e-07, 0.0790443, 0.996871)
bones/55/rotation = Quaternion(2.49006e-08, -2.38866e-07, 0.0472799, 0.998882)
bones/56/rotation = Quaternion(-1.3819e-05, 0.00191779, 0.00720692, 0.999972)
bones/57/rotation = Quaternion(6.87395e-05, -0.00191649, -0.0358557, 0.999355)
bones/58/rotation = Quaternion(-5.7114e-08, -1.19685e-07, -0.0816525, 0.996661)
bones/59/rotation = Quaternion(-1.4278e-07, -3.5536e-07, -0.123243, 0.992377)
bones/60/rotation = Quaternion(0.00139234, 0.009021, -0.152557, 0.988253)
bones/61/rotation = Quaternion(0.00221841, -0.00885362, -0.243054, 0.96997)
bones/76/rotation = Quaternion(0.0592395, -0.000235748, 0.00724406, 0.998218)
bones/79/rotation = Quaternion(0.208185, 1.91919e-06, 8.57381e-05, 0.978089)
bones/87/rotation = Quaternion(-0.000896317, 0.00168269, -0.717235, 0.696829)
bones/88/rotation = Quaternion(-0.00494084, 7.14921e-05, 0.297733, 0.954636)
bones/89/rotation = Quaternion(0.521098, -0.428812, -0.105424, 0.730385)
bones/90/rotation = Quaternion(-0.00207246, -0.00334011, -0.00783028, 0.999962)
bones/91/rotation = Quaternion(0.00182163, 2.00848e-07, 0.00680353, 0.999975)
bones/92/rotation = Quaternion(-0.000194959, 4.84237e-06, -0.000390787, 1)
bones/93/rotation = Quaternion(-0.000286623, 4.71048e-06, -0.000444881, 1)
bones/94/rotation = Quaternion(5.61461e-05, -1.05998e-07, -0.000615754, 1)
bones/95/rotation = Quaternion(0.00155009, -2.91675e-06, -0.00580586, 0.999982)
bones/96/rotation = Quaternion(-0.00497294, 0.000658843, 0.0190801, 0.999805)
bones/97/rotation = Quaternion(0.00869774, 0.0397979, -0.0283107, 0.998769)
bones/98/rotation = Quaternion(-0.00666238, -0.04047, 0.0217891, 0.998921)
bones/99/rotation = Quaternion(0.00171292, -3.04611e-07, -0.00655342, 0.999977)
bones/100/rotation = Quaternion(0.000179275, -2.51457e-08, -0.000698349, 1)
bones/102/rotation = Quaternion(-6.28291e-09, -7.81915e-08, 0.00604859, 0.999982)
bones/105/rotation = Quaternion(-6.62427e-10, 1.44506e-07, 0.00087978, 1)
bones/109/rotation = Quaternion(-8.77514e-08, 3.3197e-07, 0.0640607, 0.997946)
bones/110/rotation = Quaternion(1.39102e-08, -8.02659e-08, -0.00846498, 0.999964)
bones/111/rotation = Quaternion(-1.23116e-10, 1.42563e-07, 3.92348e-05, 1)
bones/115/rotation = Quaternion(5.14655e-08, 4.24464e-07, -0.0351677, 0.999381)
bones/121/rotation = Quaternion(7.624e-07, 8.13779e-07, -0.396704, 0.917946)
bones/122/rotation = Quaternion(2.39691e-09, -5.35418e-08, -0.0011728, 0.999999)
bones/140/rotation = Quaternion(-0.00108472, -0.00157224, 0.707184, 0.707027)
bones/141/rotation = Quaternion(-0.00484098, -0.000232663, -0.297911, 0.954581)
bones/142/rotation = Quaternion(0.520937, 0.428443, 0.105974, 0.730638)
bones/143/rotation = Quaternion(-0.00161217, 0.000125805, 0.00566776, 0.999983)
bones/144/rotation = Quaternion(0.00152979, -1.66975e-07, -0.0053136, 0.999985)
bones/145/rotation = Quaternion(-0.000259948, -4.92711e-06, 0.000656254, 1)
bones/146/rotation = Quaternion(-0.00025809, -4.8241e-06, 0.000205244, 1)
bones/147/rotation = Quaternion(9.99786e-06, 2.00035e-07, 0.000196448, 1)
bones/148/rotation = Quaternion(0.00144456, 3.05097e-06, 0.00603126, 0.999981)
bones/149/rotation = Quaternion(-0.0042737, -0.00641461, -0.0179905, 0.999808)
bones/150/rotation = Quaternion(0.00728551, -0.0268001, 0.0264981, 0.999263)
bones/151/rotation = Quaternion(-0.00563094, 0.0332222, -0.0210139, 0.999211)
bones/152/rotation = Quaternion(0.00160057, 3.19791e-07, 0.00690656, 0.999975)
bones/153/rotation = Quaternion(7.9737e-05, 2.70083e-08, 0.000355281, 1)
bones/155/rotation = Quaternion(-6.09949e-09, 7.80795e-08, -0.0060486, 0.999982)
bones/156/rotation = Quaternion(-1.56508e-07, -1.89241e-07, -0.133093, 0.991104)
bones/157/rotation = Quaternion(-1.45058e-08, -2.28915e-08, -0.00825755, 0.999966)
bones/158/rotation = Quaternion(-6.41562e-10, -1.4453e-07, -0.00087978, 1)
bones/162/rotation = Quaternion(-8.27381e-08, -3.3349e-07, -0.0640607, 0.997946)
bones/168/rotation = Quaternion(4.92962e-08, -4.23882e-07, 0.0351676, 0.999381)
bones/169/rotation = Quaternion(1.06161e-08, -8.55839e-08, 0.00496715, 0.999988)
bones/170/rotation = Quaternion(1.42861e-08, -3.03825e-08, 0.00712437, 0.999975)
bones/174/rotation = Quaternion(7.5165e-07, -8.11006e-07, 0.396704, 0.917946)
bones/175/rotation = Quaternion(1.22299e-10, 5.35334e-08, 0.00117277, 0.999999)

[node name="Lower Left Leg" parent="MeshRoot/Robot/Armature/Skeleton3D" index="0"]
transform = Transform3D(0.998281, -0.0248987, -0.0530639, -0.0303525, 0.554878, -0.831378, 0.050144, 0.831559, 0.553168, 0.921686, -2.87505, -1.16445)

[node name="Left Leg Joint Cutouts" parent="MeshRoot/Robot/Armature/Skeleton3D" index="1"]
transform = Transform3D(0.998281, -0.0248987, -0.0530639, -0.0303525, 0.554878, -0.831378, 0.050144, 0.831559, 0.553168, 0.902662, -2.37451, -0.53478)

[node name="Lower Left Leg Joint" parent="MeshRoot/Robot/Armature/Skeleton3D" index="2"]
transform = Transform3D(0.998281, -0.0248987, -0.0530639, -0.0303525, 0.554878, -0.831378, 0.050144, 0.831559, 0.553168, 0.910637, -2.28696, -0.41095)

[node name="Lower Left Leg Joint" parent="MeshRoot/Robot/Armature/Skeleton3D/Lower Left Leg Joint" index="0"]
transform = Transform3D(1, -3.72529e-09, -3.72529e-09, -1.86265e-09, 1, -2.98023e-08, 0, -2.98023e-08, 1, 0, 0, 0)

[node name="Lower Left Leg Light" parent="MeshRoot/Robot/Armature/Skeleton3D" index="3"]
transform = Transform3D(0.998281, -0.0248987, -0.0530639, -0.0303525, 0.554878, -0.831378, 0.050144, 0.831559, 0.553168, 1.21395, -2.63212, -1.12786)

[node name="Limb Segment_018" parent="MeshRoot/Robot/Armature/Skeleton3D" index="4"]
transform = Transform3D(0.998103, -0.0188852, 0.0586074, -0.045826, -0.863556, 0.502166, 0.0411271, -0.503899, -0.862783, 0.918853, -1.40673, 0.181958)

[node name="Limb Segment_017" parent="MeshRoot/Robot/Armature/Skeleton3D" index="5"]
transform = Transform3D(0.998285, -0.0167196, 0.0560973, -0.030086, -0.968623, 0.246705, 0.0502122, -0.24797, -0.967466, 0.917311, -1.33298, -0.000210486)

[node name="Limb Segment_016" parent="MeshRoot/Robot/Armature/Skeleton3D" index="6"]
transform = Transform3D(0.996797, -0.0616192, 0.050983, -0.0630794, -0.997628, 0.0275457, 0.0491645, -0.0306734, -0.99832, 0.939367, -1.31926, -0.10712)

[node name="Limb Segment_015" parent="MeshRoot/Robot/Armature/Skeleton3D" index="7"]
transform = Transform3D(0.998171, -0.0389115, 0.0462615, -0.0332525, -0.992533, -0.117358, 0.0504825, 0.115605, -0.992012, 0.933454, -1.32158, -0.145055)

[node name="Limb Segment_014" parent="MeshRoot/Robot/Armature/Skeleton3D" index="8"]
transform = Transform3D(0.99788, -0.0480767, 0.0438777, -0.0394252, -0.982828, -0.180261, 0.0517904, 0.178149, -0.98264, 0.933784, -1.3225, -0.147373)

[node name="Limb Segment_013" parent="MeshRoot/Robot/Armature/Skeleton3D" index="9"]
transform = Transform3D(0.997571, -0.0537097, 0.0443494, -0.0455374, -0.984695, -0.16823, 0.0527061, 0.165802, -0.98475, 0.932828, -1.32334, -0.149327)

[node name="Limb Segment_012" parent="MeshRoot/Robot/Armature/Skeleton3D" index="10"]
transform = Transform3D(0.99773, -0.0192968, 0.0645176, -0.0137258, -0.996226, -0.0857016, 0.0659278, 0.0846216, -0.99423, 0.944948, -1.32751, -0.177695)

[node name="Limb Segment_011" parent="MeshRoot/Robot/Armature/Skeleton3D" index="11"]
transform = Transform3D(0.998488, -0.0430247, 0.0342334, -0.0448867, -0.997442, 0.0556266, 0.0317523, -0.057079, -0.997865, 0.932808, -1.32842, -0.250299)

[node name="Limb Segment_003" parent="MeshRoot/Robot/Armature/Skeleton3D" index="12"]
transform = Transform3D(0.996997, -0.0113573, 0.0766098, -0.0296351, -0.969851, 0.241893, 0.0715526, -0.243437, -0.967274, 0.953884, -1.31017, -0.373822)

[node name="Left Foot" parent="MeshRoot/Robot/Armature/Skeleton3D" index="13"]
transform = Transform3D(0.999982, -1.57114e-06, 0.00605715, 0.00176242, 0.956804, -0.290729, -0.00579531, 0.290735, 0.956786, 0.925029, -3.73386, -1.30953)

[node name="Foot_005" parent="MeshRoot/Robot/Armature/Skeleton3D" index="14"]
transform = Transform3D(0.999982, -1.57114e-06, 0.00605715, 0.00176242, 0.956804, -0.290729, -0.00579531, 0.290735, 0.956786, 0.940109, -3.09449, -1.41498)

[node name="Foot_006" parent="MeshRoot/Robot/Armature/Skeleton3D" index="15"]
transform = Transform3D(0.999982, -1.57114e-06, 0.00605715, 0.00176242, 0.956804, -0.290729, -0.00579531, 0.290735, 0.956786, 0.943911, -4.17143, -1.08654)

[node name="Foot_007" parent="MeshRoot/Robot/Armature/Skeleton3D" index="16"]
transform = Transform3D(0.999982, -1.57114e-06, 0.00605715, 0.00176242, 0.956804, -0.290729, -0.00579531, 0.290735, 0.956786, 0.936816, -3.83088, -2.20729)

[node name="Left Foot Joint" parent="MeshRoot/Robot/Armature/Skeleton3D" index="17"]
transform = Transform3D(0.999982, -1.57114e-06, 0.00605715, 0.00176242, 0.956804, -0.290729, -0.00579531, 0.290735, 0.956786, 1.36246, -3.36763, -1.48596)

[node name="Right Foot" parent="MeshRoot/Robot/Armature/Skeleton3D" index="18"]
transform = Transform3D(0.999962, 3.62052e-07, -0.00872141, 0.00400236, 0.888474, 0.45891, 0.00774903, -0.458927, 0.88844, -0.916612, -2.52763, 2.8835)

[node name="Foot" parent="MeshRoot/Robot/Armature/Skeleton3D" index="19"]
transform = Transform3D(0.999962, 3.62052e-07, -0.00872141, 0.00400236, 0.888474, 0.45891, 0.00774903, -0.458927, 0.88844, -0.930929, -2.14298, 2.36199)

[node name="Foot_001" parent="MeshRoot/Robot/Armature/Skeleton3D" index="20"]
transform = Transform3D(0.999962, 3.62052e-07, -0.00872141, 0.00400236, 0.888474, 0.45891, 0.00774903, -0.458927, 0.88844, -0.936401, -2.68574, 3.34844)

[node name="Foot_002" parent="MeshRoot/Robot/Armature/Skeleton3D" index="21"]
transform = Transform3D(0.999962, 3.62052e-07, -0.00872141, 0.00400236, 0.888474, 0.45891, 0.00774903, -0.458927, 0.88844, -0.926185, -3.22329, 2.30775)

[node name="Right Foot Joint" parent="MeshRoot/Robot/Armature/Skeleton3D" index="22"]
transform = Transform3D(0.999962, 3.62052e-07, -0.00872141, 0.00400236, 0.888474, 0.45891, 0.00774903, -0.458927, 0.88844, -1.35331, -2.38875, 2.50061)

[node name="Lower Right Leg" parent="MeshRoot/Robot/Armature/Skeleton3D" index="23"]
transform = Transform3D(0.999118, -0.0190747, -0.0374241, 0.0319338, 0.923725, 0.381722, 0.0272884, -0.382581, 0.923519, -0.951155, -1.81233, 1.94296)

[node name="Lower Right Leg Joint" parent="MeshRoot/Robot/Armature/Skeleton3D" index="24"]
transform = Transform3D(0.999118, -0.0190747, -0.0374241, 0.0319338, 0.923725, 0.381722, 0.0272884, -0.382581, 0.923519, -0.975556, -0.959444, 1.512)

[node name="Lower Right Leg Light" parent="MeshRoot/Robot/Armature/Skeleton3D" index="25"]
transform = Transform3D(0.999118, -0.0190747, -0.0374241, 0.0319338, 0.923725, 0.381722, 0.0272884, -0.382581, 0.923519, -1.23275, -1.75086, 1.69258)

[node name="Right Leg Joint Cutouts" parent="MeshRoot/Robot/Armature/Skeleton3D" index="26"]
transform = Transform3D(0.999118, -0.0190747, -0.0374241, 0.0319338, 0.923725, 0.381722, 0.0272884, -0.382581, 0.923519, -0.961343, -1.09709, 1.57457)

[node name="Limb Segment_010" parent="MeshRoot/Robot/Armature/Skeleton3D" index="27"]
transform = Transform3D(-0.998972, 0.0170667, -0.041996, -0.0432927, -0.633903, 0.7722, -0.0134425, 0.773224, 0.63399, -0.989101, -0.230374, 0.742697)

[node name="Limb Segment_009" parent="MeshRoot/Robot/Armature/Skeleton3D" index="28"]
transform = Transform3D(-0.999114, -0.0137276, -0.0397927, -0.0318314, -0.372186, 0.927612, -0.0275442, 0.928057, 0.371419, -0.967215, -0.416746, 0.633085)

[node name="Limb Segment_008" parent="MeshRoot/Robot/Armature/Skeleton3D" index="29"]
transform = Transform3D(-0.999327, 0.00997653, -0.0352926, -0.0363063, -0.132852, 0.990471, 0.0051927, 0.991086, 0.133124, -0.978876, -0.534529, 0.601835)

[node name="Limb Segment_007" parent="MeshRoot/Robot/Armature/Skeleton3D" index="30"]
transform = Transform3D(-0.999196, -0.025299, -0.0311154, -0.0318489, 0.0291182, 0.999068, -0.0243695, 0.999256, -0.0299007, -0.969731, -0.576754, 0.600681)

[node name="Limb Segment_006" parent="MeshRoot/Robot/Armature/Skeleton3D" index="31"]
transform = Transform3D(-0.999356, -0.0211531, -0.0290127, -0.031004, 0.100839, 0.99442, -0.0181095, 0.994678, -0.101431, -0.969902, -0.579527, 0.601217)

[node name="Limb Segment_005" parent="MeshRoot/Robot/Armature/Skeleton3D" index="32"]
transform = Transform3D(-0.999461, -0.0145489, -0.0294473, -0.0306005, 0.0866875, 0.995766, -0.0119347, 0.99613, -0.0870861, -0.968826, -0.581815, 0.601961)

[node name="Limb Segment_004" parent="MeshRoot/Robot/Armature/Skeleton3D" index="33"]
transform = Transform3D(-0.999168, -0.0251071, -0.0321468, -0.0319509, -0.00817226, 0.999456, -0.0253562, 0.999652, 0.00736308, -0.972557, -0.615122, 0.603814)

[node name="Limb Segment_001" parent="MeshRoot/Robot/Armature/Skeleton3D" index="34"]
transform = Transform3D(-0.999072, -0.0236437, -0.0360059, -0.0316016, -0.165703, 0.985669, -0.0292713, 0.985892, 0.164802, -0.971823, -0.695484, 0.597257)

[node name="Limb Segment_002" parent="MeshRoot/Robot/Armature/Skeleton3D" index="35"]
transform = Transform3D(-0.999208, 0.00119497, -0.0397658, -0.0373885, -0.369811, 0.928354, -0.0135966, 0.929107, 0.369563, -0.955325, -0.831237, 0.560005)

[node name="Head_2" parent="MeshRoot/Robot/Armature/Skeleton3D" index="36"]
transform = Transform3D(1, 3.57839e-06, 0.000387767, 0.000240649, 0.778387, -0.627784, -0.00030408, 0.627784, 0.778387, 0.00482485, 4.08808, 1.52897)

[node name="Inner Eye Lights" parent="MeshRoot/Robot/Armature/Skeleton3D" index="37"]
transform = Transform3D(1, 0.000387767, -3.57839e-06, 0.000240649, -0.627784, -0.778387, -0.00030408, 0.778387, -0.627784, 0.00501836, 3.82559, 1.94803)

[node name="Lights 2" parent="MeshRoot/Robot/Armature/Skeleton3D" index="38"]
transform = Transform3D(1, 0.000387767, -3.57839e-06, 0.000240649, -0.627784, -0.778387, -0.00030408, 0.778387, -0.627784, 0.00500979, 3.82851, 1.92276)

[node name="Right Arm_012" parent="MeshRoot/Robot/Armature/Skeleton3D" index="39"]
transform = Transform3D(1, 1.3768e-05, 0.000387533, 8.60442e-05, 0.966578, -0.25637, -0.000378111, 0.25637, 0.966579, -0.0203262, 3.46228, 0.673417)

[node name="Main Body_2" parent="MeshRoot/Robot/Armature/Skeleton3D" index="40"]
transform = Transform3D(0.999587, 2.57424e-05, -0.0287259, -0.0073659, 0.966795, -0.255448, 0.0277655, 0.255554, 0.966396, 0.00471405, 2.51341, 0.448688)

[node name="Reactor Casing" parent="MeshRoot/Robot/Armature/Skeleton3D" index="41"]
transform = Transform3D(0.999587, 2.57424e-05, -0.0287259, -0.0073659, 0.966795, -0.255448, 0.0277655, 0.255554, 0.966396, -0.040391, 2.1839, 1.98511)

[node name="Reactor" parent="MeshRoot/Robot/Armature/Skeleton3D" index="42"]
transform = Transform3D(0.999587, 2.57424e-05, -0.0287259, -0.0073659, 0.966795, -0.255448, 0.0277655, 0.255554, 0.966396, -0.0421835, 2.19392, 2.0523)

[node name="Finger End 1_001" parent="MeshRoot/Robot/Armature/Skeleton3D" index="43"]
transform = Transform3D(0.226188, -0.134193, -0.964796, 0.969418, 0.127845, 0.209489, 0.0952321, -0.982675, 0.159006, 2.98612, 4.57041, 5.02031)

[node name="Finger Middle 1_001" parent="MeshRoot/Robot/Armature/Skeleton3D" index="44"]
transform = Transform3D(0.226188, -0.134193, -0.964796, 0.969417, 0.127845, 0.20949, 0.0952325, -0.982674, 0.159006, 2.9202, 4.43516, 4.79852)

[node name="Finger Base 1_001" parent="MeshRoot/Robot/Armature/Skeleton3D" index="45"]
transform = Transform3D(0.226188, -0.134193, -0.964796, 0.969417, 0.127844, 0.20949, 0.095231, -0.982674, 0.159006, 2.85211, 4.29469, 4.56874)

[node name="Finger End 2_001" parent="MeshRoot/Robot/Armature/Skeleton3D" index="46"]
transform = Transform3D(0.226188, -0.134193, -0.964796, 0.969417, 0.127844, 0.20949, 0.0952315, -0.982674, 0.159006, 2.94898, 4.289, 5.16573)

[node name="Finger Middle 2_001" parent="MeshRoot/Robot/Armature/Skeleton3D" index="47"]
transform = Transform3D(0.226188, -0.134193, -0.964796, 0.969417, 0.127844, 0.20949, 0.0952318, -0.982674, 0.159006, 2.88815, 4.19316, 4.92294)

[node name="Finger Base 2_001" parent="MeshRoot/Robot/Armature/Skeleton3D" index="48"]
transform = Transform3D(0.226188, -0.134193, -0.964796, 0.969417, 0.127846, 0.20949, 0.0952328, -0.982674, 0.159006, 2.82813, 4.09665, 4.67985)

[node name="Finger End 3_001" parent="MeshRoot/Robot/Armature/Skeleton3D" index="49"]
transform = Transform3D(0.227925, -0.133841, -0.964436, 0.968661, 0.131602, 0.21066, 0.0987265, -0.982226, 0.159642, 2.89781, 3.98988, 5.25119)

[node name="Finger Middle 3_001" parent="MeshRoot/Robot/Armature/Skeleton3D" index="50"]
transform = Transform3D(0.227925, -0.13384, -0.964436, 0.968662, 0.131604, 0.21066, 0.0987283, -0.982226, 0.159642, 2.84495, 3.94246, 4.99276)

[node name="Finger Base 3_001" parent="MeshRoot/Robot/Armature/Skeleton3D" index="51"]
transform = Transform3D(0.227925, -0.13384, -0.964436, 0.96866, 0.131603, 0.21066, 0.0987282, -0.982225, 0.159642, 2.78702, 3.88871, 4.70707)

[node name="Finger End 4_001" parent="MeshRoot/Robot/Armature/Skeleton3D" index="52"]
transform = Transform3D(0.227925, -0.133841, -0.964436, 0.968661, 0.131602, 0.21066, 0.0987266, -0.982226, 0.159642, 2.73579, 3.50888, 4.90519)

[node name="Finger Base 4_001" parent="MeshRoot/Robot/Armature/Skeleton3D" index="53"]
transform = Transform3D(0.227925, -0.133841, -0.964436, 0.96866, 0.131603, 0.21066, 0.0987274, -0.982226, 0.159642, 2.72899, 3.69083, 4.59682)

[node name="Left Hand_001" parent="MeshRoot/Robot/Armature/Skeleton3D" index="54"]
transform = Transform3D(0.227177, -0.134269, -0.964553, 0.969472, 0.12503, 0.210931, 0.0922764, -0.983026, 0.158574, 2.79175, 4.0358, 4.78437)

[node name="Left Wrist Guard" parent="MeshRoot/Robot/Armature/Skeleton3D" index="55"]
transform = Transform3D(0.227177, -0.134269, -0.964553, 0.969472, 0.12503, 0.210931, 0.0922764, -0.983026, 0.158574, 2.56595, 3.86626, 3.85228)

[node name="Left Arm_011" parent="MeshRoot/Robot/Armature/Skeleton3D" index="56"]
transform = Transform3D(0.227177, -0.134269, -0.964553, 0.969472, 0.12503, 0.210931, 0.0922768, -0.983025, 0.158574, 2.4264, 3.60461, 3.00244)

[node name="Left Arm_010" parent="MeshRoot/Robot/Armature/Skeleton3D" index="57"]
transform = Transform3D(0.227177, -0.134269, -0.964553, 0.969472, 0.12503, 0.210931, 0.0922768, -0.983025, 0.158574, 2.38601, 3.55827, 2.81838)

[node name="Left Arm_009" parent="MeshRoot/Robot/Armature/Skeleton3D" index="58"]
transform = Transform3D(0.227118, -0.134907, -0.964478, 0.969617, 0.123746, 0.211019, 0.0908825, -0.983101, 0.158913, 2.34557, 3.51182, 2.63437)

[node name="Left Arm_008" parent="MeshRoot/Robot/Armature/Skeleton3D" index="59"]
transform = Transform3D(0.226546, -0.140943, -0.963749, 0.970889, 0.111701, 0.211889, 0.0777872, -0.983696, 0.162145, 2.30457, 3.46417, 2.45082)

[node name="Left Arm_007" parent="MeshRoot/Robot/Armature/Skeleton3D" index="60"]
transform = Transform3D(0.155161, -0.150041, -0.976429, 0.978773, 0.157311, 0.13136, 0.133893, -0.976085, 0.171264, 2.26472, 3.41904, 2.26638)

[node name="Left Arm_006" parent="MeshRoot/Robot/Armature/Skeleton3D" index="61"]
transform = Transform3D(0.224716, -0.147542, -0.96319, 0.972269, 0.0996595, 0.211568, 0.0647758, -0.984022, 0.165845, 2.22646, 3.37521, 2.09171)

[node name="Left Arm_005" parent="MeshRoot/Robot/Armature/Skeleton3D" index="62"]
transform = Transform3D(0.227593, -0.129539, -0.965102, 0.968325, 0.134645, 0.21028, 0.102707, -0.98239, 0.156081, 2.18265, 3.32399, 1.89705)

[node name="Left Arm_004" parent="MeshRoot/Robot/Armature/Skeleton3D" index="63"]
transform = Transform3D(0.22717, -0.134956, -0.964459, 0.969583, 0.123998, 0.211026, 0.0911118, -0.983062, 0.15902, 2.14262, 3.27849, 1.71266)

[node name="Left Arm_003" parent="MeshRoot/Robot/Armature/Skeleton3D" index="64"]
transform = Transform3D(0.227046, -0.135336, -0.964435, 0.969726, 0.122828, 0.211055, 0.0898962, -0.983157, 0.159126, 2.10207, 3.23185, 1.5287)

[node name="Left Arm_002" parent="MeshRoot/Robot/Armature/Skeleton3D" index="65"]
transform = Transform3D(0.226727, -0.135021, -0.964554, 0.969878, 0.121852, 0.210921, 0.089054, -0.983321, 0.158582, 2.06154, 3.185, 1.3448)

[node name="Left Arm_001" parent="MeshRoot/Robot/Armature/Skeleton3D" index="66"]
transform = Transform3D(0.226489, -0.134847, -0.964634, 0.970002, 0.121015, 0.210832, 0.0883053, -0.983449, 0.15821, 2.02106, 3.13798, 1.16093)

[node name="Left Arm" parent="MeshRoot/Robot/Armature/Skeleton3D" index="67"]
transform = Transform3D(0.229641, -0.135001, -0.963867, 0.967973, 0.134916, 0.211722, 0.101459, -0.981617, 0.161659, 1.98052, 3.09221, 0.976925)

[node name="Left Shoulder" parent="MeshRoot/Robot/Armature/Skeleton3D" index="68"]
transform = Transform3D(1, 1.36216e-05, 0.000387535, 8.62787e-05, 0.966579, -0.25637, -0.000378045, 0.25637, 0.966579, 0.00471389, 2.51341, 0.448688)

[node name="Finger End 1" parent="MeshRoot/Robot/Armature/Skeleton3D" index="69"]
transform = Transform3D(0.223346, 0.135383, 0.965292, -0.96997, 0.1287, 0.206379, -0.0962924, -0.982398, 0.160062, -2.94869, 4.56822, 5.02737)

[node name="Finger Middle 1" parent="MeshRoot/Robot/Armature/Skeleton3D" index="70"]
transform = Transform3D(0.223346, 0.135383, 0.965292, -0.96997, 0.1287, 0.206379, -0.096292, -0.982398, 0.160062, -2.88299, 4.43306, 4.80546)

[node name="Finger Base 1" parent="MeshRoot/Robot/Armature/Skeleton3D" index="71"]
transform = Transform3D(0.223346, 0.135383, 0.965292, -0.96997, 0.128699, 0.206379, -0.0962918, -0.982399, 0.160062, -2.81461, 4.29279, 4.57565)

[node name="Finger End 2" parent="MeshRoot/Robot/Armature/Skeleton3D" index="72"]
transform = Transform3D(0.223346, 0.135383, 0.965292, -0.96997, 0.128699, 0.206379, -0.096292, -0.982398, 0.160062, -2.91252, 4.28652, 5.17246)

[node name="Finger Middle 2" parent="MeshRoot/Robot/Armature/Skeleton3D" index="73"]
transform = Transform3D(0.223346, 0.135383, 0.965292, -0.96997, 0.128699, 0.206379, -0.096292, -0.982399, 0.160062, -2.85178, 4.1908, 4.9296)

[node name="Finger Base 2" parent="MeshRoot/Robot/Armature/Skeleton3D" index="74"]
transform = Transform3D(0.223346, 0.135383, 0.965292, -0.96997, 0.128699, 0.206379, -0.0962912, -0.982398, 0.160062, -2.79, 4.09482, 4.68675)

[node name="Finger End 3" parent="MeshRoot/Robot/Armature/Skeleton3D" index="75"]
transform = Transform3D(0.223346, 0.135383, 0.965292, -0.96997, 0.128699, 0.206379, -0.0962915, -0.982399, 0.160062, -2.86127, 3.98016, 5.25844)

[node name="Finger Middle 3" parent="MeshRoot/Robot/Armature/Skeleton3D" index="76"]
transform = Transform3D(0.223346, 0.135383, 0.965292, -0.96997, 0.128699, 0.206379, -0.0962918, -0.982398, 0.160062, -2.80849, 3.93388, 4.99979)

[node name="Finger Base 3" parent="MeshRoot/Robot/Armature/Skeleton3D" index="77"]
transform = Transform3D(0.223346, 0.135383, 0.965292, -0.96997, 0.128699, 0.206379, -0.0962918, -0.982398, 0.160062, -2.74916, 3.88172, 4.71409)

[node name="Finger End 4" parent="MeshRoot/Robot/Armature/Skeleton3D" index="78"]
transform = Transform3D(0.223346, 0.135383, 0.965292, -0.96997, 0.128699, 0.206379, -0.096292, -0.982398, 0.160062, -2.70092, 3.50037, 4.91)

[node name="Finger Base 4" parent="MeshRoot/Robot/Armature/Skeleton3D" index="79"]
transform = Transform3D(0.223346, 0.135383, 0.965292, -0.96997, 0.128699, 0.206379, -0.0962914, -0.982398, 0.160062, -2.6856, 3.68554, 4.60387)

[node name="Right Hand" parent="MeshRoot/Robot/Armature/Skeleton3D" index="80"]
transform = Transform3D(0.221601, 0.136723, 0.965505, -0.970712, 0.125154, 0.205073, -0.0927979, -0.982671, 0.160453, -2.79141, 4.02332, 4.79577)

[node name="Right Wrist Guard" parent="MeshRoot/Robot/Armature/Skeleton3D" index="81"]
transform = Transform3D(0.221601, 0.136723, 0.965505, -0.970712, 0.125154, 0.205073, -0.0927979, -0.982671, 0.160453, -2.56456, 3.85993, 3.85219)

[node name="Right Arm_011" parent="MeshRoot/Robot/Armature/Skeleton3D" index="82"]
transform = Transform3D(-0.156113, -0.208397, 0.965505, 0.949083, 0.239136, 0.205073, -0.273624, 0.948358, 0.160454, -2.42311, 3.59867, 3.00268)

[node name="Right Arm_010" parent="MeshRoot/Robot/Armature/Skeleton3D" index="83"]
transform = Transform3D(-0.156113, -0.208397, 0.965505, 0.949083, 0.239136, 0.205074, -0.273624, 0.948358, 0.160453, -2.38267, 3.55227, 2.81865)

[node name="Right Arm_009" parent="MeshRoot/Robot/Armature/Skeleton3D" index="84"]
transform = Transform3D(-0.155966, -0.208662, 0.965471, 0.948912, 0.239778, 0.205113, -0.274298, 0.948138, 0.160604, -2.34221, 3.50581, 2.63465)

[node name="Right Arm_007" parent="MeshRoot/Robot/Armature/Skeleton3D" index="85"]
transform = Transform3D(-0.0971434, -0.198246, 0.975326, 0.96682, 0.213836, 0.139761, -0.236267, 0.956542, 0.170896, -2.26161, 3.41261, 2.2665)

[node name="Right Arm_008" parent="MeshRoot/Robot/Armature/Skeleton3D" index="86"]
transform = Transform3D(-0.0971434, -0.198246, 0.975326, 0.96682, 0.213836, 0.139761, -0.236267, 0.956542, 0.170896, -2.30008, 3.45411, 2.45212)

[node name="Right Arm_006" parent="MeshRoot/Robot/Armature/Skeleton3D" index="87"]
transform = Transform3D(-0.138287, -0.218195, 0.966058, 0.945211, 0.26218, 0.194519, -0.295724, 0.940028, 0.169984, -2.22315, 3.36906, 2.09294)

[node name="Right Arm_005" parent="MeshRoot/Robot/Armature/Skeleton3D" index="88"]
transform = Transform3D(-0.158218, -0.204494, 0.965997, 0.951518, 0.229777, 0.204489, -0.26378, 0.951517, 0.158225, -2.17911, 3.31765, 1.89677)

[node name="Right Arm_004" parent="MeshRoot/Robot/Armature/Skeleton3D" index="89"]
transform = Transform3D(-0.15574, -0.209178, 0.965396, 0.948677, 0.240647, 0.205185, -0.27524, 0.947804, 0.160964, -2.13899, 3.27203, 1.71251)

[node name="Right Arm_003" parent="MeshRoot/Robot/Armature/Skeleton3D" index="90"]
transform = Transform3D(-0.155659, -0.209258, 0.965392, 0.948582, 0.241014, 0.205191, -0.275611, 0.947693, 0.160983, -2.09839, 3.22529, 1.5286)

[node name="Right Arm_002" parent="MeshRoot/Robot/Armature/Skeleton3D" index="91"]
transform = Transform3D(-0.155578, -0.208824, 0.965499, 0.948482, 0.241509, 0.205071, -0.276001, 0.947663, 0.160492, -2.05783, 3.17848, 1.3447)

[node name="Right Arm_001" parent="MeshRoot/Robot/Armature/Skeleton3D" index="92"]
transform = Transform3D(-0.155309, -0.208526, 0.965607, 0.948163, 0.242861, 0.20495, -0.277246, 0.947383, 0.159998, -2.01733, 3.13148, 1.16083)

[node name="Right Arm" parent="MeshRoot/Robot/Armature/Skeleton3D" index="93"]
transform = Transform3D(-0.157558, -0.209817, 0.964963, 0.950682, 0.232143, 0.205702, -0.267169, 0.949782, 0.162893, -1.97675, 3.0854, 0.976813)

[node name="Right Shoulder" parent="MeshRoot/Robot/Armature/Skeleton3D" index="94"]
transform = Transform3D(1, 1.36624e-05, 0.00038753, 8.61282e-05, 0.966579, -0.25637, -0.000378081, 0.25637, 0.966579, 0.00471437, 2.51341, 0.448688)

[node name="Hips" parent="MeshRoot/Robot/Armature/Skeleton3D" index="95"]
transform = Transform3D(0.998041, 4.42389e-05, 0.0625564, 0.00865163, 0.990292, -0.138731, -0.0619553, 0.139, 0.988352, 0.00464276, -0.322942, -0.148072)

[node name="AnimationTree" type="AnimationTree" parent="MeshRoot"]
root_node = NodePath("../Robot")
tree_root = SubResource("AnimationNodeBlendTree_0fiv8")
anim_player = NodePath("../Robot/AnimationPlayer")
parameters/is_gliding/blend_amount = 0.0
parameters/jump/active = false
parameters/jump/internal_active = false
parameters/jump/request = 0
parameters/movement_anim_speed/scale = 1.0
parameters/movement_blend/blend_position = 0.0
parameters/on_floor_blend/blend_amount = 0.0

[node name="Glider" parent="MeshRoot" node_paths=PackedStringArray("player") instance=ExtResource("11_inerc")]
transform = Transform3D(0.2, 0, 0, 0, 0.2, 0, 0, 0, 0.2, 0, 0, 0)
script = ExtResource("12_sntr0")
player = NodePath("../..")

[node name="CamRoot" type="Node3D" parent="." node_paths=PackedStringArray("player")]
transform = Transform3D(1, 0, 0, 0, 1, 0, 0, 0, 1, 0, 0.869557, 0)
script = ExtResource("13_j0ncc")
player = NodePath("..")

[node name="CamYaw" type="Node3D" parent="CamRoot"]

[node name="CamPitch" type="Node3D" parent="CamRoot/CamYaw"]

[node name="SpringArm3D" type="SpringArm3D" parent="CamRoot/CamYaw/CamPitch" node_paths=PackedStringArray("player")]
shape = SubResource("SphereShape3D_fbxo0")
spring_length = -3.0
script = ExtResource("14_jlokr")
player = NodePath("../../../..")

[node name="Camera3D" type="Camera3D" parent="CamRoot/CamYaw/CamPitch/SpringArm3D"]
transform = Transform3D(-1, 0, -8.74228e-08, 0, 1, 0, 8.74228e-08, 0, -1, 0, 0, 0)
current = true

[node name="HurtOverlay" type="TextureRect" parent="."]
modulate = Color(1, 1, 1, 0)
anchors_preset = 15
anchor_right = 1.0
anchor_bottom = 1.0
grow_horizontal = 2
grow_vertical = 2
texture = ExtResource("15_4lvj7")
expand_mode = 1

[node name="FallDamage" type="AudioStreamPlayer" parent="."]
stream = ExtResource("16_0wh5x")
pitch_scale = 0.75

[node name="SoundEffects" type="AudioStreamPlayer" parent="."]
stream = ExtResource("16_0wh5x")
pitch_scale = 0.75

[node name="Main Song" type="AudioStreamPlayer" parent="."]
pitch_scale = 0.75

[connection signal="pressed_glide" from="." to="AudioController" method="_glide"]
[connection signal="pressed_glide" from="." to="MovementController" method="_glide"]
[connection signal="pressed_glide" from="." to="AnimationController" method="_glide"]
[connection signal="pressed_glide" from="." to="MeshRoot/Glider" method="_glide"]
[connection signal="pressed_glide" from="." to="CamRoot" method="_glide"]
[connection signal="pressed_jump" from="." to="MovementController" method="_jump"]
[connection signal="pressed_jump" from="." to="AnimationController" method="_jump"]
[connection signal="set_movement_direction" from="." to="MovementController" method="_on_set_movement_direction"]
[connection signal="set_movement_state" from="." to="MovementController" method="_on_set_movement_state"]
[connection signal="set_movement_state" from="." to="AnimationController" method="_on_set_movement_state"]
[connection signal="set_movement_state" from="." to="CamRoot" method="_on_set_movement_state"]
[connection signal="glide_mode" from="MovementController" to="AnimationController" method="_glide"]
[connection signal="is_hurt" from="MovementController" to="AudioController" method="_hurt"]
[connection signal="set_cam_rotation" from="CamRoot" to="MovementController" method="_on_set_cam_rotation"]

[editable path="MeshRoot/Robot"]
