[gd_scene load_steps=42 format=3 uid="uid://bd2s4wf2tu7sm"]

[ext_resource type="Script" path="res://Scenes/Models/Player/Player.gd" id="1_dvppb"]
[ext_resource type="Resource" uid="uid://c08l7gnjmjaqu" path="res://Scenes/Models/Player/MovementStates/run.tres" id="2_mml65"]
[ext_resource type="Resource" uid="uid://difpuuckqhvsv" path="res://Scenes/Models/Player/MovementStates/stand.tres" id="3_moa87"]
[ext_resource type="Resource" uid="uid://brvevs4yorhgf" path="res://Scenes/Models/Player/MovementStates/walk.tres" id="4_vttyl"]
[ext_resource type="Resource" uid="uid://bl52gdpkd3csn" path="res://Scenes/Models/Player/JumpStates/jump.tres" id="5_qm2u8"]
[ext_resource type="Resource" uid="uid://dnvfiisdtrht" path="res://Scenes/Models/Player/GlideStates/glide.tres" id="6_mtxa7"]
[ext_resource type="Script" path="res://Scenes/Models/Player/audio_controller.gd" id="7_7iij5"]
[ext_resource type="Script" path="res://Scenes/Models/Player/movement_controller.gd" id="8_j5sic"]
[ext_resource type="Script" path="res://Scenes/Models/Player/animation_controller.gd" id="9_eodew"]
[ext_resource type="PackedScene" uid="uid://bhdvfievnjoad" path="res://Scenes/Models/Player/Player.tscn" id="10_5kxhf"]
[ext_resource type="PackedScene" uid="uid://enjqiqwhpu7" path="res://Scenes/Models/Player/Glider.tscn" id="11_inerc"]
[ext_resource type="Script" path="res://Scenes/Models/Player/Glider.gd" id="12_sntr0"]
[ext_resource type="Script" path="res://Scenes/Models/Player/camera_controller.gd" id="13_j0ncc"]
[ext_resource type="Script" path="res://Scenes/Models/Player/SpringArm3D.gd" id="14_jlokr"]
[ext_resource type="Texture2D" uid="uid://dt0nnojl3rji0" path="res://Assets/Character/Textures/Damage Overlay.png" id="15_4lvj7"]
[ext_resource type="AudioStream" uid="uid://pt0u3r8i0vdg" path="res://Assets/Sound/Effects/damage.wav" id="16_0wh5x"]
[ext_resource type="Shader" path="res://Scenes/Models/Player/SpeedOverlay.gdshader" id="16_1v2vt"]
[ext_resource type="Script" path="res://Scenes/Models/Player/HealthBar.gd" id="17_ic8d8"]
[ext_resource type="AudioStream" uid="uid://0mnwvfvadsp4" path="res://Assets/Sound/Music/Song 1.wav" id="17_vstat"]

[sub_resource type="CapsuleShape3D" id="CapsuleShape3D_ny02q"]

[sub_resource type="AnimationNodeAnimation" id="AnimationNodeAnimation_uhh3q"]
animation = &"Falling"

[sub_resource type="AnimationNodeAnimation" id="AnimationNodeAnimation_4lju0"]
animation = &"Glide"

[sub_resource type="AnimationNodeAnimation" id="AnimationNodeAnimation_6t4by"]
animation = &"Jump"

[sub_resource type="AnimationNodeBlend2" id="AnimationNodeBlend2_p55mh"]

[sub_resource type="AnimationNodeOneShot" id="AnimationNodeOneShot_rmhht"]

[sub_resource type="AnimationNodeTimeScale" id="AnimationNodeTimeScale_qoddc"]

[sub_resource type="AnimationNodeAnimation" id="AnimationNodeAnimation_sivxs"]
animation = &"Idle"

[sub_resource type="AnimationNodeAnimation" id="AnimationNodeAnimation_wbm5n"]
animation = &"Walk"

[sub_resource type="AnimationNodeAnimation" id="AnimationNodeAnimation_ci5d5"]
animation = &"Running"

[sub_resource type="AnimationNodeBlendSpace1D" id="AnimationNodeBlendSpace1D_h2nin"]
blend_point_0/node = SubResource("AnimationNodeAnimation_sivxs")
blend_point_0/pos = 0.0
blend_point_1/node = SubResource("AnimationNodeAnimation_wbm5n")
blend_point_1/pos = 1.0
blend_point_2/node = SubResource("AnimationNodeAnimation_ci5d5")
blend_point_2/pos = 2.0
min_space = 0.0
max_space = 3.0
snap = 1.0

[sub_resource type="AnimationNodeBlend2" id="AnimationNodeBlend2_gxhi5"]

[sub_resource type="AnimationNodeBlendTree" id="AnimationNodeBlendTree_0fiv8"]
graph_offset = Vector2(39.6885, 312.508)
nodes/Animation/node = SubResource("AnimationNodeAnimation_6t4by")
nodes/Animation/position = Vector2(400, 400)
"nodes/Animation 2/node" = SubResource("AnimationNodeAnimation_uhh3q")
"nodes/Animation 2/position" = Vector2(120, 620)
"nodes/Animation 3/node" = SubResource("AnimationNodeAnimation_4lju0")
"nodes/Animation 3/position" = Vector2(140, 740)
nodes/is_gliding/node = SubResource("AnimationNodeBlend2_p55mh")
nodes/is_gliding/position = Vector2(660, 580)
nodes/jump/node = SubResource("AnimationNodeOneShot_rmhht")
nodes/jump/position = Vector2(1200, 520)
nodes/movement_anim_speed/node = SubResource("AnimationNodeTimeScale_qoddc")
nodes/movement_anim_speed/position = Vector2(660, 1000)
nodes/movement_blend/node = SubResource("AnimationNodeBlendSpace1D_h2nin")
nodes/movement_blend/position = Vector2(400, 1040)
nodes/on_floor_blend/node = SubResource("AnimationNodeBlend2_gxhi5")
nodes/on_floor_blend/position = Vector2(1580, 720)
nodes/output/position = Vector2(1860, 660)
node_connections = [&"is_gliding", 0, &"Animation 2", &"is_gliding", 1, &"Animation 3", &"jump", 0, &"movement_anim_speed", &"jump", 1, &"Animation", &"movement_anim_speed", 0, &"movement_blend", &"on_floor_blend", 0, &"is_gliding", &"on_floor_blend", 1, &"jump", &"output", 0, &"on_floor_blend"]

[sub_resource type="SphereShape3D" id="SphereShape3D_fbxo0"]
radius = 0.07

[sub_resource type="FastNoiseLite" id="FastNoiseLite_aw0s0"]

[sub_resource type="NoiseTexture2D" id="NoiseTexture2D_ow4ag"]
width = 1024
height = 1024
noise = SubResource("FastNoiseLite_aw0s0")

[sub_resource type="ShaderMaterial" id="ShaderMaterial_5ddcd"]
shader = ExtResource("16_1v2vt")
shader_parameter/line_color = Color(0.509286, 0.509286, 0.509286, 1)
shader_parameter/line_count = 2.0
shader_parameter/line_density = 0.135
shader_parameter/line_falloff = 0.827
shader_parameter/mask_size = 0.299
shader_parameter/mask_edge = 0.367
shader_parameter/animation_speed = 3.74
shader_parameter/noise = SubResource("NoiseTexture2D_ow4ag")

[sub_resource type="FontVariation" id="FontVariation_364hi"]
variation_embolden = 1.06

[sub_resource type="StyleBoxEmpty" id="StyleBoxEmpty_ai30p"]

[sub_resource type="StyleBoxFlat" id="StyleBoxFlat_dxccx"]
bg_color = Color(0.452292, 0.663102, 0.44814, 1)

[sub_resource type="StyleBoxFlat" id="StyleBoxFlat_5ofko"]
bg_color = Color(0.262932, 0.262932, 0.262932, 1)
expand_margin_left = 5.0
expand_margin_top = 5.0
expand_margin_right = 5.0
expand_margin_bottom = 5.0
shadow_color = Color(0, 0, 0, 0.27451)
shadow_offset = Vector2(0, 1)

[sub_resource type="StyleBoxFlat" id="StyleBoxFlat_q6b0o"]
bg_color = Color(0.811075, 0.856637, 0.833661, 1)

[node name="Player" type="CharacterBody3D"]
transform = Transform3D(1, 0, 0, 0, 1, 0, 0, 0, 1, 0, 1, 0)
script = ExtResource("1_dvppb")
movement_states = {
"run": ExtResource("2_mml65"),
"stand": ExtResource("3_moa87"),
"walk": ExtResource("4_vttyl")
}
jump_states = {
"jump": ExtResource("5_qm2u8")
}
glide_states = {
"glide": ExtResource("6_mtxa7")
}

[node name="AudioController" type="Node" parent="." node_paths=PackedStringArray("fall_damage_player", "main_song", "sound_effects", "player")]
script = ExtResource("7_7iij5")
fall_damage_player = NodePath("../FallDamage")
main_song = NodePath("../Main Song")
sound_effects = NodePath("../SoundEffects")
player = NodePath("..")

[node name="MovementController" type="Node" parent="." node_paths=PackedStringArray("player", "mesh_root", "hurt_overlay", "speed_overlay", "health_bar", "skeleton")]
script = ExtResource("8_j5sic")
player = NodePath("..")
mesh_root = NodePath("../MeshRoot")
hurt_overlay = NodePath("../HurtOverlay")
speed_overlay = NodePath("../SpeedOverlay")
health_bar = NodePath("../HealthBar")
skeleton = NodePath("../MeshRoot/Robot/Armature/Skeleton3D")
glide_states = {
"glide": ExtResource("6_mtxa7")
}

[node name="AnimationController" type="Node" parent="." node_paths=PackedStringArray("animation_tree", "player")]
script = ExtResource("9_eodew")
animation_tree = NodePath("../MeshRoot/AnimationTree")
player = NodePath("..")

[node name="CollisionShape3D" type="CollisionShape3D" parent="."]
shape = SubResource("CapsuleShape3D_ny02q")

[node name="MeshRoot" type="Node3D" parent="."]

[node name="Robot" parent="MeshRoot" instance=ExtResource("10_5kxhf")]
transform = Transform3D(1, 0, 0, 0, 1, 0, 0, 0, 1, 0, -1.02912, 0)

[node name="Skeleton3D" parent="MeshRoot/Robot/Armature" index="0"]
bones/1/position = Vector3(2.455, 8.72722, 3.16529)
bones/3/position = Vector3(-2.46437, 8.72722, 3.16529)
bones/5/position = Vector3(0, 5.70156, 0)
bones/5/rotation = Quaternion(0.0703003, 0, 0, 0.997526)
bones/7/rotation = Quaternion(-0.446697, 0.0894078, 0.0558502, 0.888453)
bones/8/rotation = Quaternion(8.74591e-08, 1.19199e-07, -0.0950743, 0.99547)
bones/9/rotation = Quaternion(3.50491e-08, -2.36664e-07, -0.070347, 0.997523)
bones/10/rotation = Quaternion(2.13936e-08, 2.37556e-07, -0.0419944, 0.999118)
bones/11/rotation = Quaternion(-1.17175e-05, -0.0019178, -0.0061122, 0.999979)
bones/12/rotation = Quaternion(6.12101e-05, 0.00191674, 0.0319261, 0.999488)
bones/13/rotation = Quaternion(-4.35927e-08, 1.18589e-07, 0.0727226, 0.997352)
bones/14/rotation = Quaternion(-1.19146e-07, 3.54427e-07, 0.110971, 0.993824)
bones/15/rotation = Quaternion(0.00125722, -0.00904083, 0.13775, 0.990425)
bones/16/rotation = Quaternion(0.00206463, 0.00889076, 0.226205, 0.974037)
bones/31/position = Vector3(-1.199, 2.98801, -2.19992)
bones/32/position = Vector3(0.0409813, -0.261409, -5.76169e-05)
bones/32/rotation = Quaternion(0.000113419, 0.000698987, 0.160203, 0.987084)
bones/42/position = Vector3(-2.74076, 2.21756, -1.56582)
bones/43/position = Vector3(-0.0409653, -0.261383, -5.77883e-05)
bones/43/rotation = Quaternion(-0.000157933, -0.000690231, 0.223101, 0.974795)
bones/52/rotation = Quaternion(-0.377696, 0.257834, 0.529119, 0.714773)
bones/53/rotation = Quaternion(4.4677e-08, -1.03076e-07, 0.106541, 0.994308)
bones/54/rotation = Quaternion(4.30642e-08, 2.38211e-07, 0.0791888, 0.99686)
bones/55/rotation = Quaternion(2.49521e-08, -2.38803e-07, 0.047397, 0.998876)
bones/56/rotation = Quaternion(-1.3819e-05, 0.00191779, 0.00720692, 0.999972)
bones/57/rotation = Quaternion(6.89082e-05, -0.00191648, -0.0359437, 0.999352)
bones/58/rotation = Quaternion(-5.71684e-08, -1.19501e-07, -0.0818001, 0.996649)
bones/59/rotation = Quaternion(-1.42899e-07, -3.54862e-07, -0.12342, 0.992355)
bones/60/rotation = Quaternion(0.00139429, 0.00902069, -0.15277, 0.98822)
bones/61/rotation = Quaternion(0.00222067, -0.00885305, -0.243302, 0.969908)
bones/76/rotation = Quaternion(0.0592395, -0.000235748, 0.00724406, 0.998218)
bones/79/rotation = Quaternion(0.208305, 1.92023e-06, 8.57845e-05, 0.978064)
bones/88/rotation = Quaternion(-0.00494084, 7.14921e-05, 0.297733, 0.954636)
bones/89/rotation = Quaternion(0.521234, -0.428699, -0.106103, 0.730256)
bones/90/rotation = Quaternion(-0.00207246, -0.00334011, -0.00783028, 0.999962)
bones/91/rotation = Quaternion(0.00182163, 2.00848e-07, 0.00680353, 0.999975)
bones/92/rotation = Quaternion(-0.000194959, 4.84237e-06, -0.000390787, 1)
bones/93/rotation = Quaternion(-0.000286623, 4.71048e-06, -0.000444881, 1)
bones/94/rotation = Quaternion(5.61461e-05, -1.05998e-07, -0.000615754, 1)
bones/95/rotation = Quaternion(0.00155009, -2.91675e-06, -0.00580586, 0.999982)
bones/96/rotation = Quaternion(-0.00497294, 0.000658843, 0.0190801, 0.999805)
bones/97/rotation = Quaternion(0.00869774, 0.0397979, -0.0283107, 0.998769)
bones/98/rotation = Quaternion(-0.00666238, -0.04047, 0.0217891, 0.998921)
bones/99/rotation = Quaternion(0.00171292, -3.04611e-07, -0.00655342, 0.999977)
bones/100/rotation = Quaternion(0.000179275, -2.51457e-08, -0.000698349, 1)
bones/142/rotation = Quaternion(0.521072, 0.428329, 0.106654, 0.730509)
bones/143/rotation = Quaternion(-0.00161217, 0.000125805, 0.00566776, 0.999983)
bones/144/rotation = Quaternion(0.00152979, -1.66975e-07, -0.0053136, 0.999985)
bones/145/rotation = Quaternion(-0.000259948, -4.92711e-06, 0.000656254, 1)
bones/146/rotation = Quaternion(-0.00025809, -4.8241e-06, 0.000205244, 1)
bones/147/rotation = Quaternion(9.99786e-06, 2.00035e-07, 0.000196448, 1)
bones/148/rotation = Quaternion(0.00144456, 3.05097e-06, 0.00603126, 0.999981)
bones/149/rotation = Quaternion(-0.0042737, -0.00641461, -0.0179905, 0.999808)
bones/150/rotation = Quaternion(0.00728551, -0.0268001, 0.0264981, 0.999263)
bones/151/rotation = Quaternion(-0.00563094, 0.0332222, -0.0210139, 0.999211)
bones/152/rotation = Quaternion(0.00160057, 3.19791e-07, 0.00690656, 0.999975)
bones/153/rotation = Quaternion(7.9737e-05, 2.70083e-08, 0.000355281, 1)
bones/162/rotation = Quaternion(-8.27381e-08, -3.3349e-07, -0.0640607, 0.997946)

[node name="Lower Left Leg" parent="MeshRoot/Robot/Armature/Skeleton3D" index="0"]
transform = Transform3D(0.998281, -0.0248635, -0.0530808, -0.0303715, 0.555122, -0.831214, 0.050133, 0.831397, 0.553412, 0.921544, -2.87529, -1.16286)

[node name="Left Leg Joint Cutouts" parent="MeshRoot/Robot/Armature/Skeleton3D" index="1"]
transform = Transform3D(0.998281, -0.0248635, -0.0530808, -0.0303715, 0.555122, -0.831214, 0.050133, 0.831397, 0.553412, 0.90255, -2.37456, -0.533334)

[node name="Lower Left Leg Joint" parent="MeshRoot/Robot/Armature/Skeleton3D" index="2"]
transform = Transform3D(0.998281, -0.0248635, -0.0530808, -0.0303715, 0.555122, -0.831214, 0.050133, 0.831397, 0.553412, 0.91053, -2.28698, -0.409529)

[node name="Lower Left Leg Joint" parent="MeshRoot/Robot/Armature/Skeleton3D/Lower Left Leg Joint" index="0"]
transform = Transform3D(1, -3.72529e-09, -3.72529e-09, -1.86265e-09, 1, -2.98023e-08, 0, -2.98023e-08, 1, 0, 0, 0)

[node name="Lower Left Leg Light" parent="MeshRoot/Robot/Armature/Skeleton3D" index="3"]
transform = Transform3D(0.998281, -0.0248635, -0.0530808, -0.0303715, 0.555122, -0.831214, 0.050133, 0.831397, 0.553412, 1.21381, -2.63236, -1.12635)

[node name="Limb Segment_018" parent="MeshRoot/Robot/Armature/Skeleton3D" index="4"]
transform = Transform3D(0.998101, -0.0189522, 0.0586065, -0.0458518, -0.863941, 0.501501, 0.0411279, -0.503235, -0.86317, 0.918812, -1.40636, 0.182742)

[node name="Limb Segment_017" parent="MeshRoot/Robot/Armature/Skeleton3D" index="5"]
transform = Transform3D(0.998285, -0.0167511, 0.0560882, -0.030105, -0.968669, 0.246524, 0.0502011, -0.24779, -0.967512, 0.917246, -1.33285, 0.000918187)

[node name="Limb Segment_016" parent="MeshRoot/Robot/Armature/Skeleton3D" index="6"]
transform = Transform3D(0.996795, -0.0616767, 0.0509507, -0.063099, -0.997648, 0.0267938, 0.0491781, -0.0299227, -0.998342, 0.939314, -1.31914, -0.106272)

[node name="Limb Segment_015" parent="MeshRoot/Robot/Armature/Skeleton3D" index="7"]
transform = Transform3D(0.998171, -0.0389789, 0.0462094, -0.0332711, -0.992405, -0.118431, 0.0504746, 0.116677, -0.991886, 0.933404, -1.3215, -0.144289)

[node name="Limb Segment_014" parent="MeshRoot/Robot/Armature/Skeleton3D" index="8"]
transform = Transform3D(0.997879, -0.0481498, 0.0438133, -0.039442, -0.982594, -0.18153, 0.0517911, 0.179417, -0.982409, 0.933733, -1.32242, -0.146614)

[node name="Limb Segment_013" parent="MeshRoot/Robot/Armature/Skeleton3D" index="9"]
transform = Transform3D(0.99757, -0.0537837, 0.0442859, -0.045553, -0.984477, -0.169501, 0.0527146, 0.167072, -0.984535, 0.932777, -1.32326, -0.148566)

[node name="Limb Segment_012" parent="MeshRoot/Robot/Armature/Skeleton3D" index="10"]
transform = Transform3D(0.997732, -0.0193645, 0.0644687, -0.0137282, -0.996136, -0.0867504, 0.0658993, 0.0856687, -0.994142, 0.9449, -1.32748, -0.177013)

[node name="Limb Segment_011" parent="MeshRoot/Robot/Armature/Skeleton3D" index="11"]
transform = Transform3D(0.998486, -0.0430822, 0.0342033, -0.0449192, -0.997481, 0.0548934, 0.0317519, -0.0563466, -0.997907, 0.932765, -1.32845, -0.249778)

[node name="Limb Segment_003" parent="MeshRoot/Robot/Armature/Skeleton3D" index="12"]
transform = Transform3D(0.996997, -0.0113935, 0.076599, -0.0296483, -0.969916, 0.241628, 0.0715414, -0.243173, -0.967341, 0.953855, -1.31022, -0.373613)

[node name="Left Foot" parent="MeshRoot/Robot/Armature/Skeleton3D" index="13"]
transform = Transform3D(0.999982, -1.57161e-06, 0.00605715, 0.00176242, 0.956804, -0.290729, -0.00579531, 0.290734, 0.956786, 0.925028, -3.73441, -1.30953)

[node name="Foot_005" parent="MeshRoot/Robot/Armature/Skeleton3D" index="14"]
transform = Transform3D(0.999982, -1.57161e-06, 0.00605715, 0.00176242, 0.956804, -0.290729, -0.00579531, 0.290734, 0.956786, 0.940109, -3.09504, -1.41498)

[node name="Foot_006" parent="MeshRoot/Robot/Armature/Skeleton3D" index="15"]
transform = Transform3D(0.999982, -1.57161e-06, 0.00605715, 0.00176242, 0.956804, -0.290729, -0.00579531, 0.290734, 0.956786, 0.943911, -4.17198, -1.08654)

[node name="Foot_007" parent="MeshRoot/Robot/Armature/Skeleton3D" index="16"]
transform = Transform3D(0.999982, -1.57161e-06, 0.00605715, 0.00176242, 0.956804, -0.290729, -0.00579531, 0.290734, 0.956786, 0.936815, -3.83143, -2.20729)

[node name="Left Foot Joint" parent="MeshRoot/Robot/Armature/Skeleton3D" index="17"]
transform = Transform3D(0.999982, -1.57161e-06, 0.00605715, 0.00176242, 0.956804, -0.290729, -0.00579531, 0.290734, 0.956786, 1.36246, -3.36818, -1.48596)

[node name="Right Foot" parent="MeshRoot/Robot/Armature/Skeleton3D" index="18"]
transform = Transform3D(0.999962, 3.63449e-07, -0.00872141, 0.00400236, 0.888473, 0.458911, 0.00774903, -0.458928, 0.888439, -0.916612, -2.52818, 2.8835)

[node name="Foot" parent="MeshRoot/Robot/Armature/Skeleton3D" index="19"]
transform = Transform3D(0.999962, 3.63449e-07, -0.00872141, 0.00400236, 0.888473, 0.458911, 0.00774903, -0.458928, 0.888439, -0.930929, -2.14353, 2.36199)

[node name="Foot_001" parent="MeshRoot/Robot/Armature/Skeleton3D" index="20"]
transform = Transform3D(0.999962, 3.63449e-07, -0.00872141, 0.00400236, 0.888473, 0.458911, 0.00774903, -0.458928, 0.888439, -0.936401, -2.68628, 3.34844)

[node name="Foot_002" parent="MeshRoot/Robot/Armature/Skeleton3D" index="21"]
transform = Transform3D(0.999962, 3.63449e-07, -0.00872141, 0.00400236, 0.888473, 0.458911, 0.00774903, -0.458928, 0.888439, -0.926185, -3.22384, 2.30775)

[node name="Right Foot Joint" parent="MeshRoot/Robot/Armature/Skeleton3D" index="22"]
transform = Transform3D(0.999962, 3.63449e-07, -0.00872141, 0.00400236, 0.888473, 0.458911, 0.00774903, -0.458928, 0.888439, -1.35331, -2.38929, 2.50062)

[node name="Lower Right Leg" parent="MeshRoot/Robot/Armature/Skeleton3D" index="23"]
transform = Transform3D(0.999118, -0.0190965, -0.0374138, 0.0319432, 0.923821, 0.38149, 0.0272786, -0.382349, 0.923616, -0.951171, -1.81072, 1.94283)

[node name="Lower Right Leg Joint" parent="MeshRoot/Robot/Armature/Skeleton3D" index="24"]
transform = Transform3D(0.999118, -0.0190965, -0.0374138, 0.0319432, 0.923821, 0.38149, 0.0272786, -0.382349, 0.923616, -0.975592, -0.957728, 1.51208)

[node name="Lower Right Leg Light" parent="MeshRoot/Robot/Armature/Skeleton3D" index="25"]
transform = Transform3D(0.999118, -0.0190965, -0.0374138, 0.0319432, 0.923821, 0.38149, 0.0272786, -0.382349, 0.923616, -1.23278, -1.74919, 1.69246)

[node name="Right Leg Joint Cutouts" parent="MeshRoot/Robot/Armature/Skeleton3D" index="26"]
transform = Transform3D(0.999118, -0.0190965, -0.0374138, 0.0319432, 0.923821, 0.38149, 0.0272786, -0.382349, 0.923616, -0.961376, -1.09539, 1.57461)

[node name="Limb Segment_010" parent="MeshRoot/Robot/Armature/Skeleton3D" index="27"]
transform = Transform3D(-0.998972, 0.0170693, -0.0419967, -0.0432985, -0.633702, 0.772364, -0.0134298, 0.773389, 0.63379, -0.989143, -0.228829, 0.742657)

[node name="Limb Segment_009" parent="MeshRoot/Robot/Armature/Skeleton3D" index="28"]
transform = Transform3D(-0.999114, -0.0137426, -0.0397884, -0.031841, -0.371543, 0.927869, -0.0275345, 0.928314, 0.370777, -0.967245, -0.415513, 0.632979)

[node name="Limb Segment_008" parent="MeshRoot/Robot/Armature/Skeleton3D" index="29"]
transform = Transform3D(-0.999328, 0.00995053, -0.0352767, -0.0362817, -0.131814, 0.99061, 0.00520707, 0.991225, 0.132086, -0.9789, -0.533492, 0.601787)

[node name="Limb Segment_007" parent="MeshRoot/Robot/Armature/Skeleton3D" index="30"]
transform = Transform3D(-0.999196, -0.0253313, -0.0310871, -0.0318544, 0.0304612, 0.999028, -0.0243598, 0.999215, -0.0312437, -0.969754, -0.575796, 0.60068)

[node name="Limb Segment_006" parent="MeshRoot/Robot/Armature/Skeleton3D" index="31"]
transform = Transform3D(-0.999356, -0.0211884, -0.0289768, -0.0309995, 0.102351, 0.994265, -0.0181012, 0.994523, -0.102942, -0.969925, -0.578574, 0.60122)

[node name="Limb Segment_005" parent="MeshRoot/Robot/Armature/Skeleton3D" index="32"]
transform = Transform3D(-0.999461, -0.0145847, -0.0294118, -0.0305866, 0.0882014, 0.995633, -0.0119269, 0.995996, -0.0886001, -0.968849, -0.580861, 0.601968)

[node name="Limb Segment_004" parent="MeshRoot/Robot/Armature/Skeleton3D" index="33"]
transform = Transform3D(-0.999168, -0.0251385, -0.0321212, -0.0319578, -0.00688697, 0.999466, -0.0253464, 0.99966, 0.00607774, -0.972578, -0.614247, 0.603871)

[node name="Limb Segment_001" parent="MeshRoot/Robot/Armature/Skeleton3D" index="34"]
transform = Transform3D(-0.999072, -0.0236684, -0.0359919, -0.0316129, -0.164721, 0.985833, -0.0292618, 0.986056, 0.16382, -0.971841, -0.694764, 0.597393)

[node name="Limb Segment_002" parent="MeshRoot/Robot/Armature/Skeleton3D" index="35"]
transform = Transform3D(-0.999209, 0.0011847, -0.039763, -0.03739, -0.369276, 0.928567, -0.0135835, 0.929319, 0.369028, -0.955334, -0.830813, 0.560174)

[node name="Head_2" parent="MeshRoot/Robot/Armature/Skeleton3D" index="36"]
transform = Transform3D(1, 3.58283e-06, 0.000387764, 0.000240718, 0.778233, -0.627975, -0.000304021, 0.627975, 0.778233, 0.00482483, 4.08786, 1.52912)

[node name="Inner Eye Lights" parent="MeshRoot/Robot/Armature/Skeleton3D" index="37"]
transform = Transform3D(1, 0.000387764, -3.58283e-06, 0.000240718, -0.627975, -0.778233, -0.000304021, 0.778233, -0.627975, 0.00501833, 3.82527, 1.94811)

[node name="Lights 2" parent="MeshRoot/Robot/Armature/Skeleton3D" index="38"]
transform = Transform3D(1, 0.000387764, -3.58283e-06, 0.000240718, -0.627975, -0.778233, -0.000304021, 0.778233, -0.627975, 0.00500976, 3.8282, 1.92285)

[node name="Right Arm_012" parent="MeshRoot/Robot/Armature/Skeleton3D" index="39"]
transform = Transform3D(1, 1.37736e-05, 0.000387532, 8.60386e-05, 0.966578, -0.25637, -0.000378111, 0.25637, 0.966579, -0.0203262, 3.46228, 0.673417)

[node name="Main Body_2" parent="MeshRoot/Robot/Armature/Skeleton3D" index="40"]
transform = Transform3D(0.999587, 2.5748e-05, -0.0287259, -0.00736591, 0.966795, -0.255448, 0.0277655, 0.255554, 0.966396, 0.00471408, 2.51341, 0.448688)

[node name="Reactor Casing" parent="MeshRoot/Robot/Armature/Skeleton3D" index="41"]
transform = Transform3D(0.999587, 2.5748e-05, -0.0287259, -0.00736591, 0.966795, -0.255448, 0.0277655, 0.255554, 0.966396, -0.040391, 2.1839, 1.98511)

[node name="Reactor" parent="MeshRoot/Robot/Armature/Skeleton3D" index="42"]
transform = Transform3D(0.999587, 2.5748e-05, -0.0287259, -0.00736591, 0.966795, -0.255448, 0.0277655, 0.255554, 0.966396, -0.0421835, 2.19392, 2.0523)

[node name="Finger End 1_001" parent="MeshRoot/Robot/Armature/Skeleton3D" index="43"]
transform = Transform3D(0.227015, -0.133929, -0.964638, 0.969113, 0.129064, 0.210149, 0.0963545, -0.982551, 0.159092, 2.98681, 4.5644, 5.02228)

[node name="Finger Middle 1_001" parent="MeshRoot/Robot/Armature/Skeleton3D" index="44"]
transform = Transform3D(0.227015, -0.133929, -0.964638, 0.969113, 0.129064, 0.210149, 0.0963549, -0.98255, 0.159092, 2.92081, 4.42946, 4.80033)

[node name="Finger Base 1_001" parent="MeshRoot/Robot/Armature/Skeleton3D" index="45"]
transform = Transform3D(0.227015, -0.133929, -0.964638, 0.969113, 0.129062, 0.210149, 0.0963534, -0.98255, 0.159092, 2.85263, 4.28931, 4.57038)

[node name="Finger End 2_001" parent="MeshRoot/Robot/Armature/Skeleton3D" index="46"]
transform = Transform3D(0.227015, -0.133929, -0.964638, 0.969113, 0.129063, 0.210149, 0.096354, -0.98255, 0.159092, 2.94941, 4.28286, 5.16738)

[node name="Finger Middle 2_001" parent="MeshRoot/Robot/Armature/Skeleton3D" index="47"]
transform = Transform3D(0.227015, -0.133929, -0.964638, 0.969113, 0.129063, 0.210149, 0.0963543, -0.98255, 0.159092, 2.88854, 4.18734, 4.92448)

[node name="Finger Base 2_001" parent="MeshRoot/Robot/Armature/Skeleton3D" index="48"]
transform = Transform3D(0.227015, -0.133929, -0.964638, 0.969112, 0.129064, 0.210149, 0.0963552, -0.98255, 0.159092, 2.82847, 4.09116, 4.68127)

[node name="Finger End 3_001" parent="MeshRoot/Robot/Armature/Skeleton3D" index="49"]
transform = Transform3D(0.22875, -0.133573, -0.964277, 0.968351, 0.13282, 0.211318, 0.0998483, -0.982098, 0.159728, 2.89796, 3.98369, 5.2525)

[node name="Finger Middle 3_001" parent="MeshRoot/Robot/Armature/Skeleton3D" index="50"]
transform = Transform3D(0.228751, -0.133573, -0.964277, 0.968352, 0.132821, 0.211318, 0.0998501, -0.982099, 0.159728, 2.8451, 3.93661, 4.99401)

[node name="Finger Base 3_001" parent="MeshRoot/Robot/Armature/Skeleton3D" index="51"]
transform = Transform3D(0.228751, -0.133573, -0.964278, 0.96835, 0.132821, 0.211318, 0.09985, -0.982098, 0.159728, 2.78718, 3.88323, 4.70825)

[node name="Finger End 4_001" parent="MeshRoot/Robot/Armature/Skeleton3D" index="52"]
transform = Transform3D(0.22875, -0.133573, -0.964278, 0.968351, 0.132819, 0.211318, 0.0998479, -0.982098, 0.159728, 2.73559, 3.50323, 4.90593)

[node name="Finger Base 4_001" parent="MeshRoot/Robot/Armature/Skeleton3D" index="53"]
transform = Transform3D(0.22875, -0.133573, -0.964278, 0.968351, 0.13282, 0.211318, 0.0998487, -0.982098, 0.159729, 2.72899, 3.68552, 4.59777)

[node name="Left Hand_001" parent="MeshRoot/Robot/Armature/Skeleton3D" index="54"]
transform = Transform3D(0.228004, -0.134007, -0.964394, 0.96917, 0.126249, 0.21159, 0.093399, -0.982905, 0.158661, 2.79201, 4.03023, 4.78572)

[node name="Left Wrist Guard" parent="MeshRoot/Robot/Armature/Skeleton3D" index="55"]
transform = Transform3D(0.228004, -0.134007, -0.964394, 0.96917, 0.126249, 0.21159, 0.093399, -0.982905, 0.158661, 2.56621, 3.86193, 3.8534)

[node name="Left Arm_011" parent="MeshRoot/Robot/Armature/Skeleton3D" index="56"]
transform = Transform3D(0.228004, -0.134007, -0.964394, 0.96917, 0.126249, 0.21159, 0.0933994, -0.982905, 0.158661, 2.42657, 3.60136, 3.00324)

[node name="Left Arm_010" parent="MeshRoot/Robot/Armature/Skeleton3D" index="57"]
transform = Transform3D(0.228004, -0.134007, -0.964394, 0.96917, 0.126249, 0.21159, 0.0933994, -0.982905, 0.158661, 2.38617, 3.55526, 2.81913)

[node name="Left Arm_009" parent="MeshRoot/Robot/Armature/Skeleton3D" index="58"]
transform = Transform3D(0.227946, -0.134646, -0.964319, 0.969317, 0.124966, 0.211679, 0.0920052, -0.982982, 0.159, 2.34571, 3.50905, 2.63506)

[node name="Left Arm_008" parent="MeshRoot/Robot/Armature/Skeleton3D" index="59"]
transform = Transform3D(0.227377, -0.140692, -0.96359, 0.970604, 0.112926, 0.212544, 0.0789112, -0.983592, 0.162233, 2.30471, 3.46164, 2.45145)

[node name="Left Arm_007" parent="MeshRoot/Robot/Armature/Skeleton3D" index="60"]
transform = Transform3D(0.155989, -0.149752, -0.976341, 0.978487, 0.158536, 0.132016, 0.135015, -0.97593, 0.17126, 2.26485, 3.41675, 2.26695)

[node name="Left Arm_006" parent="MeshRoot/Robot/Armature/Skeleton3D" index="61"]
transform = Transform3D(0.22555, -0.147302, -0.963031, 0.972, 0.100891, 0.212218, 0.0659013, -0.983932, 0.165933, 2.22657, 3.37315, 2.09223)

[node name="Left Arm_005" parent="MeshRoot/Robot/Armature/Skeleton3D" index="62"]
transform = Transform3D(0.228418, -0.129269, -0.964943, 0.968011, 0.13586, 0.210943, 0.103828, -0.982258, 0.156167, 2.18275, 3.32219, 1.8975)

[node name="Left Arm_004" parent="MeshRoot/Robot/Armature/Skeleton3D" index="63"]
transform = Transform3D(0.227998, -0.134695, -0.9643, 0.969283, 0.125218, 0.211685, 0.0922347, -0.982943, 0.159108, 2.14271, 3.27693, 1.71305)

[node name="Left Arm_003" parent="MeshRoot/Robot/Armature/Skeleton3D" index="64"]
transform = Transform3D(0.227873, -0.135076, -0.964276, 0.969427, 0.124048, 0.211714, 0.0910192, -0.983039, 0.159214, 2.10215, 3.23053, 1.52904)

[node name="Left Arm_002" parent="MeshRoot/Robot/Armature/Skeleton3D" index="65"]
transform = Transform3D(0.227555, -0.134762, -0.964395, 0.969581, 0.123072, 0.211581, 0.0901771, -0.983205, 0.158669, 2.0616, 3.18392, 1.34508)

[node name="Left Arm_001" parent="MeshRoot/Robot/Armature/Skeleton3D" index="66"]
transform = Transform3D(0.227317, -0.134589, -0.964475, 0.969706, 0.122235, 0.211492, 0.0894285, -0.983333, 0.158298, 2.02112, 3.13715, 1.16115)

[node name="Left Arm" parent="MeshRoot/Robot/Armature/Skeleton3D" index="67"]
transform = Transform3D(0.230465, -0.13473, -0.963708, 0.967658, 0.136135, 0.212377, 0.10258, -0.981486, 0.161747, 1.98056, 3.09161, 0.977087)

[node name="Left Shoulder" parent="MeshRoot/Robot/Armature/Skeleton3D" index="68"]
transform = Transform3D(1, 1.31746e-05, 0.000387534, 8.67844e-05, 0.966578, -0.25637, -0.000377919, 0.25637, 0.966579, 0.00471425, 2.51341, 0.448688)

[node name="Finger End 1" parent="MeshRoot/Robot/Armature/Skeleton3D" index="69"]
transform = Transform3D(0.224175, 0.135119, 0.965136, -0.969666, 0.129921, 0.207039, -0.0974166, -0.982274, 0.160146, -2.94939, 4.56223, 5.02934)

[node name="Finger Middle 1" parent="MeshRoot/Robot/Armature/Skeleton3D" index="70"]
transform = Transform3D(0.224175, 0.135119, 0.965136, -0.969666, 0.129921, 0.207039, -0.0974163, -0.982274, 0.160146, -2.88361, 4.42738, 4.80727)

[node name="Finger Base 1" parent="MeshRoot/Robot/Armature/Skeleton3D" index="71"]
transform = Transform3D(0.224175, 0.135119, 0.965136, -0.969666, 0.129921, 0.207039, -0.097416, -0.982274, 0.160146, -2.81514, 4.28742, 4.57728)

[node name="Finger End 2" parent="MeshRoot/Robot/Armature/Skeleton3D" index="72"]
transform = Transform3D(0.224175, 0.135119, 0.965136, -0.969666, 0.129921, 0.207039, -0.0974162, -0.982274, 0.160146, -2.91295, 4.28039, 5.1741)

[node name="Finger Middle 2" parent="MeshRoot/Robot/Armature/Skeleton3D" index="73"]
transform = Transform3D(0.224175, 0.135119, 0.965136, -0.969666, 0.129921, 0.207039, -0.0974162, -0.982274, 0.160146, -2.85217, 4.185, 4.93113)

[node name="Finger Base 2" parent="MeshRoot/Robot/Armature/Skeleton3D" index="74"]
transform = Transform3D(0.224175, 0.135119, 0.965136, -0.969666, 0.12992, 0.207039, -0.0974154, -0.982274, 0.160146, -2.79034, 4.08935, 4.68816)

[node name="Finger End 3" parent="MeshRoot/Robot/Armature/Skeleton3D" index="75"]
transform = Transform3D(0.224175, 0.135119, 0.965136, -0.969666, 0.12992, 0.207039, -0.0974156, -0.982274, 0.160146, -2.86143, 3.97398, 5.25974)

[node name="Finger Middle 3" parent="MeshRoot/Robot/Armature/Skeleton3D" index="76"]
transform = Transform3D(0.224175, 0.135119, 0.965136, -0.969666, 0.129921, 0.207039, -0.0974158, -0.982274, 0.160146, -2.80864, 3.92804, 5.00102)

[node name="Finger Base 3" parent="MeshRoot/Robot/Armature/Skeleton3D" index="77"]
transform = Transform3D(0.224175, 0.135119, 0.965136, -0.969666, 0.129921, 0.207039, -0.0974158, -0.982274, 0.160146, -2.74932, 3.87626, 4.71525)

[node name="Finger End 4" parent="MeshRoot/Robot/Armature/Skeleton3D" index="78"]
transform = Transform3D(0.224175, 0.135119, 0.965136, -0.969666, 0.12992, 0.207039, -0.0974155, -0.982274, 0.160146, -2.70071, 3.49473, 4.91073)

[node name="Finger Base 4" parent="MeshRoot/Robot/Armature/Skeleton3D" index="79"]
transform = Transform3D(0.224175, 0.135119, 0.965136, -0.969666, 0.12992, 0.207039, -0.0974148, -0.982274, 0.160146, -2.6856, 3.68025, 4.6048)

[node name="Right Hand" parent="MeshRoot/Robot/Armature/Skeleton3D" index="80"]
transform = Transform3D(0.222431, 0.136462, 0.965351, -0.970413, 0.126376, 0.205733, -0.0939226, -0.982551, 0.160535, -2.79167, 4.01773, 4.7971)

[node name="Right Wrist Guard" parent="MeshRoot/Robot/Armature/Skeleton3D" index="81"]
transform = Transform3D(0.222431, 0.136462, 0.965351, -0.970413, 0.126376, 0.205733, -0.0939226, -0.982551, 0.160535, -2.56483, 3.85559, 3.85331)

[node name="Right Arm_011" parent="MeshRoot/Robot/Armature/Skeleton3D" index="82"]
transform = Transform3D(-0.156981, -0.208458, 0.965351, 0.949253, 0.237889, 0.205733, -0.272533, 0.948659, 0.160535, -2.42328, 3.59541, 3.00348)

[node name="Right Arm_010" parent="MeshRoot/Robot/Armature/Skeleton3D" index="83"]
transform = Transform3D(-0.156981, -0.208458, 0.965351, 0.949253, 0.237889, 0.205733, -0.272533, 0.948659, 0.160535, -2.38283, 3.54925, 2.81939)

[node name="Right Arm_009" parent="MeshRoot/Robot/Armature/Skeleton3D" index="84"]
transform = Transform3D(-0.156834, -0.208723, 0.965317, 0.949084, 0.238531, 0.205773, -0.273208, 0.948439, 0.160686, -2.34235, 3.50303, 2.63533)

[node name="Right Arm_007" parent="MeshRoot/Robot/Armature/Skeleton3D" index="85"]
transform = Transform3D(-0.098021, -0.198284, 0.975231, 0.967, 0.212589, 0.140417, -0.235166, 0.956812, 0.170903, -2.26173, 3.41032, 2.26707)

[node name="Right Arm_008" parent="MeshRoot/Robot/Armature/Skeleton3D" index="86"]
transform = Transform3D(-0.098021, -0.198284, 0.975231, 0.967, 0.212589, 0.140417, -0.235166, 0.956812, 0.170903, -2.30021, 3.45157, 2.45274)

[node name="Right Arm_006" parent="MeshRoot/Robot/Armature/Skeleton3D" index="87"]
transform = Transform3D(-0.139155, -0.218277, 0.965914, 0.945422, 0.260934, 0.195168, -0.294641, 0.940355, 0.170054, -2.22327, 3.367, 2.09345)

[node name="Right Arm_005" parent="MeshRoot/Robot/Armature/Skeleton3D" index="88"]
transform = Transform3D(-0.159087, -0.204547, 0.965843, 0.951676, 0.228529, 0.205151, -0.262687, 0.951806, 0.158306, -2.17921, 3.31584, 1.89722)

[node name="Right Arm_004" parent="MeshRoot/Robot/Armature/Skeleton3D" index="89"]
transform = Transform3D(-0.156608, -0.209241, 0.965242, 0.94885, 0.2394, 0.205844, -0.27415, 0.948106, 0.161046, -2.13908, 3.27046, 1.7129)

[node name="Right Arm_003" parent="MeshRoot/Robot/Armature/Skeleton3D" index="90"]
transform = Transform3D(-0.156527, -0.209321, 0.965238, 0.948756, 0.239767, 0.20585, -0.274521, 0.947996, 0.161065, -2.09847, 3.22397, 1.52893)

[node name="Right Arm_002" parent="MeshRoot/Robot/Armature/Skeleton3D" index="91"]
transform = Transform3D(-0.156446, -0.208887, 0.965345, 0.948656, 0.240263, 0.205731, -0.274911, 0.947966, 0.160574, -2.05789, 3.1774, 1.34498)

[node name="Right Arm_001" parent="MeshRoot/Robot/Armature/Skeleton3D" index="92"]
transform = Transform3D(-0.156177, -0.20859, 0.965453, 0.948339, 0.241615, 0.205611, -0.276156, 0.947688, 0.16008, -2.01738, 3.13064, 1.16105)

[node name="Right Arm" parent="MeshRoot/Robot/Armature/Skeleton3D" index="93"]
transform = Transform3D(-0.158426, -0.209871, 0.964808, 0.950844, 0.230893, 0.206359, -0.266076, 0.950075, 0.162976, -1.97679, 3.08481, 0.976967)

[node name="Right Shoulder" parent="MeshRoot/Robot/Armature/Skeleton3D" index="94"]
transform = Transform3D(1, 1.30664e-05, 0.000387534, 8.67553e-05, 0.966578, -0.25637, -0.000377909, 0.25637, 0.966579, 0.00471389, 2.51341, 0.448688)

[node name="Hips" parent="MeshRoot/Robot/Armature/Skeleton3D" index="95"]
transform = Transform3D(0.998041, 4.42389e-05, 0.0625564, 0.00865164, 0.990292, -0.138731, -0.0619553, 0.139, 0.988352, 0.00464276, -0.322944, -0.148072)

[node name="AnimationTree" type="AnimationTree" parent="MeshRoot"]
root_node = NodePath("../Robot")
tree_root = SubResource("AnimationNodeBlendTree_0fiv8")
anim_player = NodePath("../Robot/AnimationPlayer")
parameters/is_gliding/blend_amount = 0.0
parameters/jump/active = false
parameters/jump/internal_active = false
parameters/jump/request = 0
parameters/movement_anim_speed/scale = 1.0
parameters/movement_blend/blend_position = 0.0
parameters/on_floor_blend/blend_amount = 0.0

[node name="Glider" parent="MeshRoot" node_paths=PackedStringArray("player") instance=ExtResource("11_inerc")]
transform = Transform3D(0.2, 0, 0, 0, 0.2, 0, 0, 0, 0.2, 0, 0, 0)
script = ExtResource("12_sntr0")
player = NodePath("../..")

[node name="CamRoot" type="Node3D" parent="." node_paths=PackedStringArray("player")]
transform = Transform3D(1, 0, 0, 0, 1, 0, 0, 0, 1, 0, 0.869557, 0)
script = ExtResource("13_j0ncc")
player = NodePath("..")

[node name="CamYaw" type="Node3D" parent="CamRoot"]

[node name="CamPitch" type="Node3D" parent="CamRoot/CamYaw"]

[node name="SpringArm3D" type="SpringArm3D" parent="CamRoot/CamYaw/CamPitch" node_paths=PackedStringArray("player")]
shape = SubResource("SphereShape3D_fbxo0")
spring_length = -3.0
script = ExtResource("14_jlokr")
player = NodePath("../../../..")

[node name="Camera3D" type="Camera3D" parent="CamRoot/CamYaw/CamPitch/SpringArm3D"]
transform = Transform3D(-1, 0, -8.74228e-08, 0, 1, 0, 8.74228e-08, 0, -1, 0, 0, 0)
current = true

[node name="HurtOverlay" type="TextureRect" parent="."]
modulate = Color(1, 1, 1, 0)
anchors_preset = 15
anchor_right = 1.0
anchor_bottom = 1.0
grow_horizontal = 2
grow_vertical = 2
texture = ExtResource("15_4lvj7")
expand_mode = 1

[node name="SpeedOverlay" type="ColorRect" parent="."]
modulate = Color(1, 1, 1, 0)
material = SubResource("ShaderMaterial_5ddcd")
anchors_preset = 15
anchor_right = 1.0
anchor_bottom = 1.0
grow_horizontal = 2
grow_vertical = 2
color = Color(0, 0, 0, 1)

[node name="HealthBar" type="ProgressBar" parent="." node_paths=PackedStringArray("damage_bar")]
z_index = 1
offset_left = 8.0
offset_top = 14.0
offset_right = 248.0
offset_bottom = 54.0
theme_override_fonts/font = SubResource("FontVariation_364hi")
theme_override_styles/background = SubResource("StyleBoxEmpty_ai30p")
theme_override_styles/fill = SubResource("StyleBoxFlat_dxccx")
value = 60.0
script = ExtResource("17_ic8d8")
damage_bar = NodePath("DamageBar")

[node name="DamageBar" type="ProgressBar" parent="HealthBar"]
z_index = -1
layout_mode = 1
anchors_preset = 15
anchor_right = 1.0
anchor_bottom = 1.0
grow_horizontal = 2
grow_vertical = 2
theme_override_styles/background = SubResource("StyleBoxFlat_5ofko")
theme_override_styles/fill = SubResource("StyleBoxFlat_q6b0o")
value = 80.0
show_percentage = false

[node name="Timer" type="Timer" parent="HealthBar"]
wait_time = 0.4
one_shot = true

[node name="FallDamage" type="AudioStreamPlayer" parent="."]
stream = ExtResource("16_0wh5x")
pitch_scale = 0.75

[node name="SoundEffects" type="AudioStreamPlayer" parent="."]

[node name="Main Song" type="AudioStreamPlayer" parent="."]
stream = ExtResource("17_vstat")
volume_db = -10.0
pitch_scale = 0.75

[connection signal="pressed_glide" from="." to="AudioController" method="_glide"]
[connection signal="pressed_glide" from="." to="MovementController" method="_glide"]
[connection signal="pressed_glide" from="." to="AnimationController" method="_glide"]
[connection signal="pressed_glide" from="." to="MeshRoot/Glider" method="_glide"]
[connection signal="pressed_glide" from="." to="CamRoot" method="_glide"]
[connection signal="pressed_jump" from="." to="MovementController" method="_jump"]
[connection signal="pressed_jump" from="." to="AnimationController" method="_jump"]
[connection signal="set_movement_direction" from="." to="MovementController" method="_on_set_movement_direction"]
[connection signal="set_movement_state" from="." to="MovementController" method="_on_set_movement_state"]
[connection signal="set_movement_state" from="." to="AnimationController" method="_on_set_movement_state"]
[connection signal="set_movement_state" from="." to="CamRoot" method="_on_set_movement_state"]
[connection signal="glide_mode" from="MovementController" to="AnimationController" method="_glide"]
[connection signal="is_hurt" from="MovementController" to="AudioController" method="_hurt"]
[connection signal="set_cam_rotation" from="CamRoot" to="MovementController" method="_on_set_cam_rotation"]
[connection signal="timeout" from="HealthBar/Timer" to="HealthBar" method="_on_timer_timeout"]

[editable path="MeshRoot/Robot"]
