[gd_scene load_steps=45 format=3 uid="uid://bd2s4wf2tu7sm"]

[ext_resource type="Script" path="res://Scenes/Models/Player/Player.gd" id="1_dvppb"]
[ext_resource type="Resource" uid="uid://c08l7gnjmjaqu" path="res://Scenes/Models/Player/MovementStates/run.tres" id="2_mml65"]
[ext_resource type="Resource" uid="uid://difpuuckqhvsv" path="res://Scenes/Models/Player/MovementStates/stand.tres" id="3_moa87"]
[ext_resource type="Resource" uid="uid://brvevs4yorhgf" path="res://Scenes/Models/Player/MovementStates/walk.tres" id="4_vttyl"]
[ext_resource type="Resource" uid="uid://bl52gdpkd3csn" path="res://Scenes/Models/Player/JumpStates/jump.tres" id="5_qm2u8"]
[ext_resource type="Resource" uid="uid://dnvfiisdtrht" path="res://Scenes/Models/Player/GlideStates/glide.tres" id="6_mtxa7"]
[ext_resource type="Script" path="res://Scenes/Models/Player/audio_controller.gd" id="7_7iij5"]
[ext_resource type="Script" path="res://Scenes/Models/Player/movement_controller.gd" id="8_j5sic"]
[ext_resource type="Script" path="res://Scenes/Models/Player/animation_controller.gd" id="9_eodew"]
[ext_resource type="PackedScene" uid="uid://bhdvfievnjoad" path="res://Scenes/Models/Player/Player.tscn" id="10_5kxhf"]
[ext_resource type="PackedScene" uid="uid://enjqiqwhpu7" path="res://Scenes/Models/Player/Glider.tscn" id="11_inerc"]
[ext_resource type="Script" path="res://Scenes/Models/Player/Glider.gd" id="12_sntr0"]
[ext_resource type="Script" path="res://Scenes/Models/Player/camera_controller.gd" id="13_j0ncc"]
[ext_resource type="Script" path="res://Scenes/Models/Player/SpringArm3D.gd" id="14_jlokr"]
[ext_resource type="Texture2D" uid="uid://dt0nnojl3rji0" path="res://Assets/Character/Textures/Damage Overlay.png" id="15_4lvj7"]
[ext_resource type="AudioStream" uid="uid://pt0u3r8i0vdg" path="res://Assets/Sound/Effects/damage.wav" id="16_0wh5x"]
[ext_resource type="Shader" path="res://Scenes/Models/Player/SpeedOverlay.gdshader" id="16_1v2vt"]
[ext_resource type="Script" path="res://Scenes/Models/Player/HealthBar.gd" id="17_ic8d8"]
[ext_resource type="AudioStream" uid="uid://0mnwvfvadsp4" path="res://Assets/Sound/Music/Song 1.wav" id="17_vstat"]
[ext_resource type="PackedScene" uid="uid://bdngkrkcavhrj" path="res://Scenes/Screens/death_screen.tscn" id="18_pn5pv"]
[ext_resource type="Script" path="res://Scenes/Models/Player/stamina_meter.gd" id="21_0ngw6"]
[ext_resource type="PackedScene" uid="uid://eg0orw83mbc7" path="res://Scenes/Screens/pause_screen.tscn" id="22_lstwq"]

[sub_resource type="CapsuleShape3D" id="CapsuleShape3D_ny02q"]

[sub_resource type="AnimationNodeAnimation" id="AnimationNodeAnimation_uhh3q"]
animation = &"Falling"

[sub_resource type="AnimationNodeAnimation" id="AnimationNodeAnimation_4lju0"]
animation = &"Glide"

[sub_resource type="AnimationNodeAnimation" id="AnimationNodeAnimation_6t4by"]
animation = &"Jump"

[sub_resource type="AnimationNodeBlend2" id="AnimationNodeBlend2_p55mh"]

[sub_resource type="AnimationNodeOneShot" id="AnimationNodeOneShot_rmhht"]

[sub_resource type="AnimationNodeTimeScale" id="AnimationNodeTimeScale_qoddc"]

[sub_resource type="AnimationNodeAnimation" id="AnimationNodeAnimation_sivxs"]
animation = &"Idle"

[sub_resource type="AnimationNodeAnimation" id="AnimationNodeAnimation_wbm5n"]
animation = &"Walk"

[sub_resource type="AnimationNodeAnimation" id="AnimationNodeAnimation_ci5d5"]
animation = &"Running"

[sub_resource type="AnimationNodeBlendSpace1D" id="AnimationNodeBlendSpace1D_h2nin"]
blend_point_0/node = SubResource("AnimationNodeAnimation_sivxs")
blend_point_0/pos = 0.0
blend_point_1/node = SubResource("AnimationNodeAnimation_wbm5n")
blend_point_1/pos = 1.0
blend_point_2/node = SubResource("AnimationNodeAnimation_ci5d5")
blend_point_2/pos = 2.0
min_space = 0.0
max_space = 3.0
snap = 1.0

[sub_resource type="AnimationNodeBlend2" id="AnimationNodeBlend2_gxhi5"]

[sub_resource type="AnimationNodeBlendTree" id="AnimationNodeBlendTree_0fiv8"]
graph_offset = Vector2(39.6885, 312.508)
nodes/Animation/node = SubResource("AnimationNodeAnimation_6t4by")
nodes/Animation/position = Vector2(400, 400)
"nodes/Animation 2/node" = SubResource("AnimationNodeAnimation_uhh3q")
"nodes/Animation 2/position" = Vector2(120, 620)
"nodes/Animation 3/node" = SubResource("AnimationNodeAnimation_4lju0")
"nodes/Animation 3/position" = Vector2(140, 740)
nodes/is_gliding/node = SubResource("AnimationNodeBlend2_p55mh")
nodes/is_gliding/position = Vector2(660, 580)
nodes/jump/node = SubResource("AnimationNodeOneShot_rmhht")
nodes/jump/position = Vector2(1200, 520)
nodes/movement_anim_speed/node = SubResource("AnimationNodeTimeScale_qoddc")
nodes/movement_anim_speed/position = Vector2(660, 1000)
nodes/movement_blend/node = SubResource("AnimationNodeBlendSpace1D_h2nin")
nodes/movement_blend/position = Vector2(400, 1040)
nodes/on_floor_blend/node = SubResource("AnimationNodeBlend2_gxhi5")
nodes/on_floor_blend/position = Vector2(1580, 720)
nodes/output/position = Vector2(1860, 660)
node_connections = [&"is_gliding", 0, &"Animation 2", &"is_gliding", 1, &"Animation 3", &"jump", 0, &"movement_anim_speed", &"jump", 1, &"Animation", &"movement_anim_speed", 0, &"movement_blend", &"on_floor_blend", 0, &"is_gliding", &"on_floor_blend", 1, &"jump", &"output", 0, &"on_floor_blend"]

[sub_resource type="SphereShape3D" id="SphereShape3D_fbxo0"]
radius = 0.07

[sub_resource type="FastNoiseLite" id="FastNoiseLite_aw0s0"]

[sub_resource type="NoiseTexture2D" id="NoiseTexture2D_ow4ag"]
width = 1024
height = 1024
noise = SubResource("FastNoiseLite_aw0s0")

[sub_resource type="ShaderMaterial" id="ShaderMaterial_5ddcd"]
shader = ExtResource("16_1v2vt")
shader_parameter/line_color = Color(0.509286, 0.509286, 0.509286, 1)
shader_parameter/line_count = 2.0
shader_parameter/line_density = 0.135
shader_parameter/line_falloff = 0.827
shader_parameter/mask_size = 0.299
shader_parameter/mask_edge = 0.367
shader_parameter/animation_speed = 3.74
shader_parameter/noise = SubResource("NoiseTexture2D_ow4ag")

[sub_resource type="FontVariation" id="FontVariation_364hi"]
variation_embolden = 1.06

[sub_resource type="StyleBoxEmpty" id="StyleBoxEmpty_ai30p"]

[sub_resource type="StyleBoxFlat" id="StyleBoxFlat_dxccx"]
bg_color = Color(0.452292, 0.663102, 0.44814, 1)

[sub_resource type="StyleBoxFlat" id="StyleBoxFlat_5ofko"]
bg_color = Color(0.262932, 0.262932, 0.262932, 1)
expand_margin_left = 5.0
expand_margin_top = 5.0
expand_margin_right = 5.0
expand_margin_bottom = 5.0
shadow_color = Color(0, 0, 0, 0.27451)
shadow_offset = Vector2(0, 1)

[sub_resource type="StyleBoxFlat" id="StyleBoxFlat_q6b0o"]
bg_color = Color(0.811075, 0.856637, 0.833661, 1)

[node name="Player" type="CharacterBody3D" groups=["player"]]
transform = Transform3D(1, 0, 0, 0, 1, 0, 0, 0, 1, 0, 1, 0)
script = ExtResource("1_dvppb")
movement_states = {
"run": ExtResource("2_mml65"),
"stand": ExtResource("3_moa87"),
"walk": ExtResource("4_vttyl")
}
jump_states = {
"jump": ExtResource("5_qm2u8")
}
glide_states = {
"glide": ExtResource("6_mtxa7")
}

[node name="AudioController" type="Node" parent="." node_paths=PackedStringArray("fall_damage_player", "main_song", "sound_effects", "player")]
script = ExtResource("7_7iij5")
fall_damage_player = NodePath("../FallDamage")
main_song = NodePath("../Main Song")
sound_effects = NodePath("../SoundEffects")
player = NodePath("..")

[node name="MovementController" type="Node" parent="." node_paths=PackedStringArray("player", "mesh_root", "hurt_overlay", "speed_overlay", "health_bar", "death_screen", "skeleton")]
script = ExtResource("8_j5sic")
player = NodePath("..")
mesh_root = NodePath("../MeshRoot")
hurt_overlay = NodePath("../HurtOverlay")
speed_overlay = NodePath("../SpeedOverlay")
health_bar = NodePath("../HealthBar")
death_screen = NodePath("../GameOverScreen")
skeleton = NodePath("../MeshRoot/Robot/Armature/Skeleton3D")
glide_states = {
"glide": ExtResource("6_mtxa7")
}

[node name="AnimationController" type="Node" parent="." node_paths=PackedStringArray("animation_tree", "player")]
script = ExtResource("9_eodew")
animation_tree = NodePath("../MeshRoot/AnimationTree")
player = NodePath("..")

[node name="CollisionShape3D" type="CollisionShape3D" parent="."]
shape = SubResource("CapsuleShape3D_ny02q")

[node name="MeshRoot" type="Node3D" parent="."]

[node name="Robot" parent="MeshRoot" instance=ExtResource("10_5kxhf")]
transform = Transform3D(1, 0, 0, 0, 1, 0, 0, 0, 1, 0, -1.02912, 0)

[node name="Skeleton3D" parent="MeshRoot/Robot/Armature" index="0"]
bones/1/position = Vector3(2.455, 8.43711, 3.16529)
bones/3/position = Vector3(-2.46437, 8.43711, 3.16529)
bones/5/position = Vector3(0, 5.70156, 0)
bones/5/rotation = Quaternion(0.0703003, 0, 0, 0.997526)
bones/7/rotation = Quaternion(-0.446009, 0.0915781, 0.0599039, 0.888314)
bones/8/rotation = Quaternion(8.1307e-08, 1.18851e-07, -0.0849135, 0.996388)
bones/9/rotation = Quaternion(3.23212e-08, -2.37378e-07, -0.0635259, 0.99798)
bones/10/rotation = Quaternion(1.95833e-08, 2.38981e-07, -0.0383415, 0.999265)
bones/11/rotation = Quaternion(-1.17175e-05, -0.0019178, -0.0061122, 0.999979)
bones/12/rotation = Quaternion(5.64221e-05, 0.00191689, 0.0294279, 0.999565)
bones/13/rotation = Quaternion(-3.91582e-08, 1.19191e-07, 0.0656613, 0.997842)
bones/14/rotation = Quaternion(-1.06094e-07, 3.57178e-07, 0.0987529, 0.995112)
bones/15/rotation = Quaternion(0.00112187, -0.00905862, 0.122921, 0.992375)
bones/16/rotation = Quaternion(0.00192441, 0.00892217, 0.210842, 0.977478)
bones/31/position = Vector3(-1.19326, 3.04022, -2.26825)
bones/32/position = Vector3(0.0409813, -0.261409, -5.76169e-05)
bones/32/rotation = Quaternion(0.000113419, 0.000698987, 0.160203, 0.987084)
bones/42/position = Vector3(-2.74658, 2.26968, -1.63422)
bones/43/position = Vector3(-0.0409653, -0.261383, -5.77883e-05)
bones/43/rotation = Quaternion(-0.000157933, -0.000690231, 0.223101, 0.974795)
bones/52/rotation = Quaternion(-0.382009, 0.250979, 0.515869, 0.724539)
bones/53/rotation = Quaternion(3.85897e-08, -1.05223e-07, 0.0996247, 0.995025)
bones/54/rotation = Quaternion(4.0699e-08, 2.36818e-07, 0.0745874, 0.997215)
bones/55/rotation = Quaternion(2.32835e-08, -2.38457e-07, 0.0449743, 0.998988)
bones/56/rotation = Quaternion(-1.3819e-05, 0.00191779, 0.00720692, 0.999972)
bones/57/rotation = Quaternion(6.61928e-05, -0.00191658, -0.0345274, 0.999402)
bones/58/rotation = Quaternion(-5.41192e-08, -1.19922e-07, -0.0770875, 0.997024)
bones/59/rotation = Quaternion(-1.33651e-07, -3.55342e-07, -0.115775, 0.993276)
bones/60/rotation = Quaternion(0.00130812, 0.0090336, -0.143329, 0.989633)
bones/61/rotation = Quaternion(0.00212288, -0.00887701, -0.232588, 0.972533)
bones/76/rotation = Quaternion(0.0592395, -0.000235748, 0.00724406, 0.998218)
bones/79/rotation = Quaternion(0.183152, 1.70241e-06, 7.60536e-05, 0.983085)
bones/87/rotation = Quaternion(-0.000896317, 0.00168269, -0.717235, 0.696829)
bones/88/rotation = Quaternion(-0.00494084, 7.14921e-05, 0.297733, 0.954636)
bones/89/rotation = Quaternion(0.528799, -0.424963, -0.165502, 0.715812)
bones/90/rotation = Quaternion(-0.00207246, -0.00334011, -0.00783028, 0.999962)
bones/91/rotation = Quaternion(0.00182163, 2.00848e-07, 0.00680353, 0.999975)
bones/92/rotation = Quaternion(-0.000194959, 4.84237e-06, -0.000390787, 1)
bones/93/rotation = Quaternion(-0.000286623, 4.71048e-06, -0.000444881, 1)
bones/94/rotation = Quaternion(5.61461e-05, -1.05998e-07, -0.000615754, 1)
bones/95/rotation = Quaternion(0.00155009, -2.91675e-06, -0.00580586, 0.999982)
bones/96/rotation = Quaternion(-0.00497294, 0.000658843, 0.0190801, 0.999805)
bones/97/rotation = Quaternion(0.00869774, 0.0397979, -0.0283107, 0.998769)
bones/98/rotation = Quaternion(-0.00666238, -0.04047, 0.0217891, 0.998921)
bones/99/rotation = Quaternion(0.00171292, -3.04611e-07, -0.00655342, 0.999977)
bones/100/rotation = Quaternion(0.000179275, -2.51457e-08, -0.000698349, 1)
bones/102/rotation = Quaternion(-6.28291e-09, -7.81915e-08, 0.00604859, 0.999982)
bones/105/rotation = Quaternion(-6.62427e-10, 1.44506e-07, 0.00087978, 1)
bones/109/rotation = Quaternion(-8.77514e-08, 3.3197e-07, 0.0640607, 0.997946)
bones/110/rotation = Quaternion(1.39102e-08, -8.02659e-08, -0.00846498, 0.999964)
bones/111/rotation = Quaternion(-1.23116e-10, 1.42563e-07, 3.92348e-05, 1)
bones/115/rotation = Quaternion(5.14655e-08, 4.24464e-07, -0.0351677, 0.999381)
bones/121/rotation = Quaternion(7.624e-07, 8.13779e-07, -0.396704, 0.917946)
bones/122/rotation = Quaternion(2.39691e-09, -5.35418e-08, -0.0011728, 0.999999)
bones/140/rotation = Quaternion(-0.00108472, -0.00157224, 0.707184, 0.707027)
bones/141/rotation = Quaternion(-0.00484098, -0.000232663, -0.297911, 0.954581)
bones/142/rotation = Quaternion(0.528628, 0.424607, 0.166072, 0.716018)
bones/143/rotation = Quaternion(-0.00161217, 0.000125805, 0.00566776, 0.999983)
bones/144/rotation = Quaternion(0.00152979, -1.66975e-07, -0.0053136, 0.999985)
bones/145/rotation = Quaternion(-0.000259948, -4.92711e-06, 0.000656254, 1)
bones/146/rotation = Quaternion(-0.00025809, -4.8241e-06, 0.000205244, 1)
bones/147/rotation = Quaternion(9.99786e-06, 2.00035e-07, 0.000196448, 1)
bones/148/rotation = Quaternion(0.00144456, 3.05097e-06, 0.00603126, 0.999981)
bones/149/rotation = Quaternion(-0.0042737, -0.00641461, -0.0179905, 0.999808)
bones/150/rotation = Quaternion(0.00728551, -0.0268001, 0.0264981, 0.999263)
bones/151/rotation = Quaternion(-0.00563094, 0.0332222, -0.0210139, 0.999211)
bones/152/rotation = Quaternion(0.00160057, 3.19791e-07, 0.00690656, 0.999975)
bones/153/rotation = Quaternion(7.9737e-05, 2.70083e-08, 0.000355281, 1)
bones/155/rotation = Quaternion(-6.09949e-09, 7.80795e-08, -0.0060486, 0.999982)
bones/156/rotation = Quaternion(-1.56508e-07, -1.89241e-07, -0.133093, 0.991104)
bones/157/rotation = Quaternion(-1.45058e-08, -2.28915e-08, -0.00825755, 0.999966)
bones/158/rotation = Quaternion(-6.41562e-10, -1.4453e-07, -0.00087978, 1)
bones/162/rotation = Quaternion(-8.27381e-08, -3.3349e-07, -0.0640607, 0.997946)
bones/168/rotation = Quaternion(4.92962e-08, -4.23882e-07, 0.0351676, 0.999381)
bones/169/rotation = Quaternion(1.06161e-08, -8.55839e-08, 0.00496715, 0.999988)
bones/170/rotation = Quaternion(1.42861e-08, -3.03825e-08, 0.00712437, 0.999975)
bones/174/rotation = Quaternion(7.5165e-07, -8.11006e-07, 0.396704, 0.917946)
bones/175/rotation = Quaternion(1.22299e-10, 5.35334e-08, 0.00117277, 0.999999)

[node name="Lower Left Leg" parent="MeshRoot/Robot/Armature/Skeleton3D" index="0"]
transform = Transform3D(0.998281, -0.022531, -0.0541117, -0.0298195, 0.599563, -0.799771, 0.0504628, 0.80001, 0.597861, 0.922031, -2.92783, -1.17155)

[node name="Left Leg Joint Cutouts" parent="MeshRoot/Robot/Armature/Skeleton3D" index="1"]
transform = Transform3D(0.998281, -0.022531, -0.0541117, -0.0298195, 0.599563, -0.799771, 0.0504628, 0.80001, 0.597861, 0.904976, -2.39357, -0.570164)

[node name="Lower Left Leg Joint" parent="MeshRoot/Robot/Armature/Skeleton3D" index="2"]
transform = Transform3D(0.998281, -0.022531, -0.0541117, -0.0298195, 0.599563, -0.799771, 0.0504628, 0.80001, 0.597861, 0.913314, -2.29941, -0.451316)

[node name="Lower Left Leg Joint" parent="MeshRoot/Robot/Armature/Skeleton3D/Lower Left Leg Joint" index="0"]
transform = Transform3D(1, -3.72529e-09, -3.72529e-09, -1.86265e-09, 1, -2.98023e-08, 0, -2.98023e-08, 1, 0, 0, 0)

[node name="Lower Left Leg Light" parent="MeshRoot/Robot/Armature/Skeleton3D" index="3"]
transform = Transform3D(0.998281, -0.022531, -0.0541117, -0.0298195, 0.599563, -0.799771, 0.0504628, 0.80001, 0.597861, 1.21487, -2.68393, -1.14867)

[node name="Limb Segment_018" parent="MeshRoot/Robot/Armature/Skeleton3D" index="4"]
transform = Transform3D(0.998089, -0.0196565, 0.058589, -0.0455026, -0.875261, 0.481506, 0.0418158, -0.483252, -0.874482, 0.922604, -1.40144, 0.117763)

[node name="Limb Segment_017" parent="MeshRoot/Robot/Armature/Skeleton3D" index="5"]
transform = Transform3D(0.998285, -0.0157447, 0.0563835, -0.0295535, -0.966953, 0.253238, 0.0505328, -0.25447, -0.96576, 0.919823, -1.33716, -0.0451023)

[node name="Limb Segment_016" parent="MeshRoot/Robot/Armature/Skeleton3D" index="6"]
transform = Transform3D(0.996867, -0.0594886, 0.0521346, -0.062504, -0.996343, 0.0582548, 0.0484783, -0.0613308, -0.996939, 0.941312, -1.32323, -0.140141)

[node name="Limb Segment_015" parent="MeshRoot/Robot/Armature/Skeleton3D" index="7"]
transform = Transform3D(0.998179, -0.0363059, 0.0481759, -0.032732, -0.996794, -0.0730059, 0.0506718, 0.0712961, -0.996167, 0.935278, -1.3241, -0.174569)

[node name="Limb Segment_014" parent="MeshRoot/Robot/Armature/Skeleton3D" index="8"]
transform = Transform3D(0.997904, -0.0453777, 0.0461277, -0.0389634, -0.990547, -0.131526, 0.0516598, 0.129453, -0.990239, 0.935606, -1.32488, -0.176745)

[node name="Limb Segment_013" parent="MeshRoot/Robot/Armature/Skeleton3D" index="9"]
transform = Transform3D(0.997613, -0.0509838, 0.0465662, -0.0451142, -0.99182, -0.119404, 0.0522728, 0.117019, -0.991753, 0.934656, -1.32562, -0.178739)

[node name="Limb Segment_012" parent="MeshRoot/Robot/Armature/Skeleton3D" index="10"]
transform = Transform3D(0.997661, -0.0167438, 0.0662736, -0.013875, -0.998957, -0.0435141, 0.0669329, 0.0424928, -0.996852, 0.946716, -1.32827, -0.204771)

[node name="Limb Segment_011" parent="MeshRoot/Robot/Armature/Skeleton3D" index="11"]
transform = Transform3D(0.998538, -0.0409582, 0.0352797, -0.0438165, -0.995462, 0.0844698, 0.0316596, -0.085892, -0.995802, 0.934327, -1.32677, -0.27059)

[node name="Limb Segment_003" parent="MeshRoot/Robot/Armature/Skeleton3D" index="12"]
transform = Transform3D(0.996983, -0.0102568, 0.0769365, -0.0292952, -0.967642, 0.250621, 0.0718762, -0.252118, -0.965024, 0.954761, -1.3084, -0.380731)

[node name="Left Foot" parent="MeshRoot/Robot/Armature/Skeleton3D" index="13"]
transform = Transform3D(0.999982, -1.57114e-06, 0.00605715, 0.00176242, 0.956804, -0.290729, -0.00579531, 0.290735, 0.956786, 0.925029, -3.8206, -1.30953)

[node name="Foot_005" parent="MeshRoot/Robot/Armature/Skeleton3D" index="14"]
transform = Transform3D(0.999982, -1.57114e-06, 0.00605715, 0.00176242, 0.956804, -0.290729, -0.00579531, 0.290735, 0.956786, 0.94011, -3.18123, -1.41498)

[node name="Foot_006" parent="MeshRoot/Robot/Armature/Skeleton3D" index="15"]
transform = Transform3D(0.999982, -1.57114e-06, 0.00605715, 0.00176242, 0.956804, -0.290729, -0.00579531, 0.290735, 0.956786, 0.943911, -4.25817, -1.08654)

[node name="Foot_007" parent="MeshRoot/Robot/Armature/Skeleton3D" index="16"]
transform = Transform3D(0.999982, -1.57114e-06, 0.00605715, 0.00176242, 0.956804, -0.290729, -0.00579531, 0.290735, 0.956786, 0.936816, -3.91762, -2.20729)

[node name="Left Foot Joint" parent="MeshRoot/Robot/Armature/Skeleton3D" index="17"]
transform = Transform3D(0.999982, -1.57114e-06, 0.00605715, 0.00176242, 0.956804, -0.290729, -0.00579531, 0.290735, 0.956786, 1.36246, -3.45437, -1.48596)

[node name="Right Foot" parent="MeshRoot/Robot/Armature/Skeleton3D" index="18"]
transform = Transform3D(0.999962, 3.62052e-07, -0.00872141, 0.00400236, 0.888474, 0.45891, 0.00774903, -0.458928, 0.88844, -0.916612, -2.61437, 2.8835)

[node name="Foot" parent="MeshRoot/Robot/Armature/Skeleton3D" index="19"]
transform = Transform3D(0.999962, 3.62052e-07, -0.00872141, 0.00400236, 0.888474, 0.45891, 0.00774903, -0.458928, 0.88844, -0.93093, -2.22971, 2.36199)

[node name="Foot_001" parent="MeshRoot/Robot/Armature/Skeleton3D" index="20"]
transform = Transform3D(0.999962, 3.62052e-07, -0.00872141, 0.00400236, 0.888474, 0.45891, 0.00774903, -0.458928, 0.88844, -0.936401, -2.77247, 3.34844)

[node name="Foot_002" parent="MeshRoot/Robot/Armature/Skeleton3D" index="21"]
transform = Transform3D(0.999962, 3.62052e-07, -0.00872141, 0.00400236, 0.888474, 0.45891, 0.00774903, -0.458928, 0.88844, -0.926185, -3.31002, 2.30775)

[node name="Right Foot Joint" parent="MeshRoot/Robot/Armature/Skeleton3D" index="22"]
transform = Transform3D(0.999962, 3.62052e-07, -0.00872141, 0.00400236, 0.888474, 0.45891, 0.00774903, -0.458928, 0.88844, -1.35331, -2.47548, 2.50061)

[node name="Lower Right Leg" parent="MeshRoot/Robot/Armature/Skeleton3D" index="23"]
transform = Transform3D(0.999118, -0.0181928, -0.0378606, 0.0313951, 0.922242, 0.385336, 0.0279063, -0.386184, 0.921999, -0.95052, -1.89129, 1.93743)

[node name="Lower Right Leg Joint" parent="MeshRoot/Robot/Armature/Skeleton3D" index="24"]
transform = Transform3D(0.999118, -0.0181928, -0.0378606, 0.0313951, 0.922242, 0.385336, 0.0279063, -0.386184, 0.921999, -0.974048, -1.04008, 1.50314)

[node name="Lower Right Leg Light" parent="MeshRoot/Robot/Armature/Skeleton3D" index="25"]
transform = Transform3D(0.999118, -0.0181928, -0.0378606, 0.0313951, 0.922242, 0.385336, 0.0279063, -0.386184, 0.921999, -1.23189, -1.83062, 1.68661)

[node name="Right Leg Joint Cutouts" parent="MeshRoot/Robot/Armature/Skeleton3D" index="26"]
transform = Transform3D(0.999118, -0.0181928, -0.0378606, 0.0313951, 0.922242, 0.385336, 0.0279063, -0.386184, 0.921999, -0.959971, -1.17748, 1.56625)

[node name="Limb Segment_010" parent="MeshRoot/Robot/Armature/Skeleton3D" index="27"]
transform = Transform3D(-0.998974, 0.0169881, -0.0419943, -0.0429965, -0.647447, 0.760897, -0.0142629, 0.761922, 0.647512, -0.987385, -0.298763, 0.743706)

[node name="Limb Segment_009" parent="MeshRoot/Robot/Armature/Skeleton3D" index="28"]
transform = Transform3D(-0.999114, -0.0130577, -0.0400129, -0.0312835, -0.405617, 0.913508, -0.0281582, 0.91395, 0.404849, -0.966032, -0.471016, 0.636097)

[node name="Limb Segment_008" parent="MeshRoot/Robot/Armature/Skeleton3D" index="29"]
transform = Transform3D(-0.99929, 0.0111108, -0.0359996, -0.0374283, -0.183507, 0.982306, 0.00430798, 0.982956, 0.183792, -0.977922, -0.580314, 0.60192)

[node name="Limb Segment_007" parent="MeshRoot/Robot/Armature/Skeleton3D" index="30"]
transform = Transform3D(-0.999192, -0.0240001, -0.0322456, -0.0314869, -0.0313522, 0.999012, -0.0249874, 0.99922, 0.0305711, -0.968819, -0.620039, 0.598664)

[node name="Limb Segment_006" parent="MeshRoot/Robot/Armature/Skeleton3D" index="31"]
transform = Transform3D(-0.999344, -0.0198582, -0.0303105, -0.0310466, 0.0378647, 0.998801, -0.0186867, 0.999086, -0.0384564, -0.968989, -0.622736, 0.59903)

[node name="Limb Segment_005" parent="MeshRoot/Robot/Armature/Skeleton3D" index="32"]
transform = Transform3D(-0.99944, -0.0132355, -0.0307263, -0.0310335, 0.0236575, 0.999238, -0.0124985, 0.999633, -0.0240551, -0.967909, -0.625066, 0.599627)

[node name="Limb Segment_004" parent="MeshRoot/Robot/Armature/Skeleton3D" index="33"]
transform = Transform3D(-0.999166, -0.023832, -0.0331774, -0.0315253, -0.0666458, 0.997279, -0.0259783, 0.997492, 0.0658388, -0.971653, -0.656808, 0.599486)

[node name="Limb Segment_001" parent="MeshRoot/Robot/Armature/Skeleton3D" index="34"]
transform = Transform3D(-0.999074, -0.0225506, -0.0366405, -0.030965, -0.214381, 0.976259, -0.0298703, 0.97649, 0.213485, -0.97101, -0.7322, 0.589224)

[node name="Limb Segment_002" parent="MeshRoot/Robot/Armature/Skeleton3D" index="35"]
transform = Transform3D(-0.999199, 0.00185719, -0.0399849, -0.0373405, -0.403109, 0.91439, -0.0144201, 0.91515, 0.402855, -0.954799, -0.85775, 0.548928)

[node name="Head_2" parent="MeshRoot/Robot/Armature/Skeleton3D" index="36"]
transform = Transform3D(1, 3.57814e-06, 0.000387767, 0.000224817, 0.80941, -0.587243, -0.000315964, 0.587243, 0.80941, 0.00482482, 4.13096, 1.49596)

[node name="Inner Eye Lights" parent="MeshRoot/Robot/Armature/Skeleton3D" index="37"]
transform = Transform3D(1, 0.000387767, -3.57814e-06, 0.000224817, -0.587243, -0.80941, -0.000315964, 0.80941, -0.587243, 0.00501832, 3.8902, 1.92787)

[node name="Lights 2" parent="MeshRoot/Robot/Armature/Skeleton3D" index="38"]
transform = Transform3D(1, 0.000387767, -3.57814e-06, 0.000224817, -0.587243, -0.80941, -0.000315964, 0.80941, -0.587243, 0.00500974, 3.89183, 1.90248)

[node name="Right Arm_012" parent="MeshRoot/Robot/Armature/Skeleton3D" index="39"]
transform = Transform3D(1, 1.3768e-05, 0.000387533, 8.60442e-05, 0.966578, -0.25637, -0.000378111, 0.25637, 0.966579, -0.0203262, 3.46228, 0.673417)

[node name="Main Body_2" parent="MeshRoot/Robot/Armature/Skeleton3D" index="40"]
transform = Transform3D(0.999587, 2.57424e-05, -0.0287259, -0.0073659, 0.966795, -0.255448, 0.0277655, 0.255554, 0.966396, 0.00471407, 2.51341, 0.448688)

[node name="Reactor Casing" parent="MeshRoot/Robot/Armature/Skeleton3D" index="41"]
transform = Transform3D(0.999587, 2.57424e-05, -0.0287259, -0.0073659, 0.966795, -0.255448, 0.0277655, 0.255554, 0.966396, -0.040391, 2.1839, 1.98511)

[node name="Reactor" parent="MeshRoot/Robot/Armature/Skeleton3D" index="42"]
transform = Transform3D(0.999587, 2.57424e-05, -0.0287259, -0.0073659, 0.966795, -0.255448, 0.0277655, 0.255554, 0.966396, -0.0421835, 2.19392, 2.0523)

[node name="Finger End 1_001" parent="MeshRoot/Robot/Armature/Skeleton3D" index="43"]
transform = Transform3D(0.307965, -0.105618, -0.945517, 0.933742, 0.224132, 0.279093, 0.182443, -0.96882, 0.167644, 3.04425, 4.06962, 5.15496)

[node name="Finger Middle 1_001" parent="MeshRoot/Robot/Armature/Skeleton3D" index="44"]
transform = Transform3D(0.307965, -0.105618, -0.945517, 0.933741, 0.224132, 0.279093, 0.182444, -0.968819, 0.167644, 2.97065, 3.96051, 4.9215)

[node name="Finger Base 1_001" parent="MeshRoot/Robot/Armature/Skeleton3D" index="45"]
transform = Transform3D(0.307965, -0.105618, -0.945517, 0.933741, 0.224131, 0.279093, 0.182442, -0.968819, 0.167644, 2.89457, 3.8471, 4.67959)

[node name="Finger End 2_001" parent="MeshRoot/Robot/Armature/Skeleton3D" index="46"]
transform = Transform3D(0.307965, -0.105618, -0.945517, 0.933741, 0.224131, 0.279093, 0.182443, -0.968819, 0.167644, 2.98028, 3.78101, 5.27465)

[node name="Finger Middle 2_001" parent="MeshRoot/Robot/Armature/Skeleton3D" index="47"]
transform = Transform3D(0.307965, -0.105618, -0.945517, 0.933741, 0.224131, 0.279093, 0.182443, -0.968819, 0.167644, 2.91555, 3.71237, 5.0238)

[node name="Finger Base 2_001" parent="MeshRoot/Robot/Armature/Skeleton3D" index="48"]
transform = Transform3D(0.307965, -0.105617, -0.945517, 0.933741, 0.224132, 0.279093, 0.182444, -0.968818, 0.167644, 2.85156, 3.64304, 4.77259)

[node name="Finger End 3_001" parent="MeshRoot/Robot/Armature/Skeleton3D" index="49"]
transform = Transform3D(0.309569, -0.104948, -0.945068, 0.932533, 0.22779, 0.280167, 0.185874, -0.968038, 0.168384, 2.90183, 3.48127, 5.33294)

[node name="Finger Middle 3_001" parent="MeshRoot/Robot/Armature/Skeleton3D" index="50"]
transform = Transform3D(0.309569, -0.104947, -0.945067, 0.932535, 0.227792, 0.280167, 0.185876, -0.968039, 0.168384, 2.8495, 3.46134, 5.07084)

[node name="Finger Base 3_001" parent="MeshRoot/Robot/Armature/Skeleton3D" index="51"]
transform = Transform3D(0.309569, -0.104947, -0.945068, 0.932533, 0.227791, 0.280167, 0.185875, -0.968037, 0.168384, 2.79206, 3.43795, 4.78099)

[node name="Finger End 4_001" parent="MeshRoot/Robot/Armature/Skeleton3D" index="52"]
transform = Transform3D(0.309569, -0.104948, -0.945068, 0.932533, 0.22779, 0.280167, 0.185874, -0.968038, 0.168384, 2.70458, 3.04834, 4.94436)

[node name="Finger Base 4_001" parent="MeshRoot/Robot/Armature/Skeleton3D" index="53"]
transform = Transform3D(0.309569, -0.104947, -0.945068, 0.932533, 0.227791, 0.280167, 0.185875, -0.968038, 0.168384, 2.71894, 3.25629, 4.65318)

[node name="Left Hand_001" parent="MeshRoot/Robot/Armature/Skeleton3D" index="54"]
transform = Transform3D(0.309005, -0.105932, -0.945142, 0.933965, 0.221376, 0.280539, 0.179513, -0.969418, 0.167343, 2.80822, 3.57677, 4.87099)

[node name="Left Wrist Guard" parent="MeshRoot/Robot/Armature/Skeleton3D" index="55"]
transform = Transform3D(0.309005, -0.105932, -0.945142, 0.933965, 0.221376, 0.280539, 0.179513, -0.969418, 0.167343, 2.58462, 3.50948, 3.92547)

[node name="Left Arm_011" parent="MeshRoot/Robot/Armature/Skeleton3D" index="56"]
transform = Transform3D(0.309005, -0.105932, -0.945142, 0.933965, 0.221376, 0.280539, 0.179514, -0.969418, 0.167343, 2.43751, 3.33604, 3.05459)

[node name="Left Arm_010" parent="MeshRoot/Robot/Armature/Skeleton3D" index="57"]
transform = Transform3D(0.309005, -0.105932, -0.945142, 0.933965, 0.221376, 0.280539, 0.179514, -0.969418, 0.167343, 2.39642, 3.30962, 2.86679)

[node name="Left Arm_009" parent="MeshRoot/Robot/Armature/Skeleton3D" index="58"]
transform = Transform3D(0.308984, -0.106677, -0.945065, 0.934235, 0.220165, 0.280591, 0.178137, -0.969612, 0.167689, 2.35527, 3.28309, 2.67902)

[node name="Left Arm_008" parent="MeshRoot/Robot/Armature/Skeleton3D" index="59"]
transform = Transform3D(0.30875, -0.113727, -0.944319, 0.936687, 0.208796, 0.281109, 0.1652, -0.971324, 0.170992, 2.31345, 3.25539, 2.4916)

[node name="Left Arm_007" parent="MeshRoot/Robot/Armature/Skeleton3D" index="60"]
transform = Transform3D(0.237365, -0.118954, -0.96411, 0.945924, 0.254195, 0.201524, 0.2211, -0.95981, 0.172858, 2.27301, 3.23015, 2.30353)

[node name="Left Arm_006" parent="MeshRoot/Robot/Armature/Skeleton3D" index="61"]
transform = Transform3D(0.307271, -0.121342, -0.943854, 0.939348, 0.197457, 0.280419, 0.152344, -0.972773, 0.174655, 2.23409, 3.20522, 2.12533)

[node name="Left Arm_005" parent="MeshRoot/Robot/Armature/Skeleton3D" index="62"]
transform = Transform3D(0.30914, -0.100396, -0.945702, 0.931883, 0.230445, 0.280159, 0.189806, -0.967892, 0.164797, 2.18936, 3.17518, 1.9265)

[node name="Left Arm_004" parent="MeshRoot/Robot/Armature/Skeleton3D" index="63"]
transform = Transform3D(0.309029, -0.106706, -0.945048, 0.934177, 0.220416, 0.280587, 0.178363, -0.969552, 0.167797, 2.14871, 3.14959, 1.73844)

[node name="Left Arm_003" parent="MeshRoot/Robot/Armature/Skeleton3D" index="64"]
transform = Transform3D(0.308938, -0.107184, -0.945023, 0.934436, 0.219296, 0.280604, 0.177164, -0.969753, 0.167905, 2.10743, 3.12287, 1.55071)

[node name="Left Arm_002" parent="MeshRoot/Robot/Armature/Skeleton3D" index="65"]
transform = Transform3D(0.308648, -0.106953, -0.945144, 0.934688, 0.218314, 0.280529, 0.176335, -0.97, 0.16735, 2.06615, 3.09595, 1.36302)

[node name="Left Arm_001" parent="MeshRoot/Robot/Armature/Skeleton3D" index="66"]
transform = Transform3D(0.308435, -0.10685, -0.945225, 0.934897, 0.21748, 0.28048, 0.175598, -0.970199, 0.166972, 2.02491, 3.06885, 1.17534)

[node name="Left Arm" parent="MeshRoot/Robot/Armature/Skeleton3D" index="67"]
transform = Transform3D(0.311171, -0.105825, -0.944444, 0.931462, 0.231128, 0.280996, 0.188551, -0.967151, 0.170492, 1.98372, 3.043, 0.987642)

[node name="Left Shoulder" parent="MeshRoot/Robot/Armature/Skeleton3D" index="68"]
transform = Transform3D(1, 1.36216e-05, 0.000387535, 8.62787e-05, 0.966579, -0.25637, -0.000378045, 0.25637, 0.966579, 0.00471413, 2.51341, 0.448688)

[node name="Finger End 1" parent="MeshRoot/Robot/Armature/Skeleton3D" index="69"]
transform = Transform3D(0.305212, 0.106701, 0.946287, -0.934427, 0.225089, 0.276007, -0.183548, -0.968478, 0.168404, -3.00668, 4.07009, 5.16153)

[node name="Finger Middle 1" parent="MeshRoot/Robot/Armature/Skeleton3D" index="70"]
transform = Transform3D(0.305212, 0.106701, 0.946287, -0.934427, 0.225088, 0.276007, -0.183548, -0.968478, 0.168404, -2.93331, 3.96106, 4.92795)

[node name="Finger Base 1" parent="MeshRoot/Robot/Armature/Skeleton3D" index="71"]
transform = Transform3D(0.305212, 0.106701, 0.946287, -0.934427, 0.225088, 0.276007, -0.183547, -0.968478, 0.168404, -2.85696, 3.84789, 4.68602)

[node name="Finger End 2" parent="MeshRoot/Robot/Armature/Skeleton3D" index="72"]
transform = Transform3D(0.305212, 0.106701, 0.946287, -0.934427, 0.225088, 0.276007, -0.183548, -0.968478, 0.168404, -2.94363, 3.78112, 5.28087)

[node name="Finger Middle 2" parent="MeshRoot/Robot/Armature/Skeleton3D" index="73"]
transform = Transform3D(0.305212, 0.106701, 0.946287, -0.934427, 0.225088, 0.276007, -0.183548, -0.968478, 0.168404, -2.879, 3.71262, 5.02995)

[node name="Finger Base 2" parent="MeshRoot/Robot/Armature/Skeleton3D" index="74"]
transform = Transform3D(0.305212, 0.106701, 0.946287, -0.934427, 0.225088, 0.276007, -0.183547, -0.968478, 0.168404, -2.8133, 3.64396, 4.779)

[node name="Finger End 3" parent="MeshRoot/Robot/Armature/Skeleton3D" index="75"]
transform = Transform3D(0.305212, 0.106701, 0.946287, -0.934427, 0.225088, 0.276007, -0.183547, -0.968478, 0.168404, -2.86445, 3.47416, 5.33902)

[node name="Finger Middle 3" parent="MeshRoot/Robot/Armature/Skeleton3D" index="76"]
transform = Transform3D(0.305212, 0.106701, 0.946287, -0.934427, 0.225088, 0.276007, -0.183547, -0.968478, 0.168404, -2.81231, 3.4554, 5.0768)

[node name="Finger Base 3" parent="MeshRoot/Robot/Armature/Skeleton3D" index="77"]
transform = Transform3D(0.305212, 0.106701, 0.946287, -0.934427, 0.225088, 0.276007, -0.183547, -0.968478, 0.168404, -2.75361, 3.43372, 4.78706)

[node name="Finger End 4" parent="MeshRoot/Robot/Armature/Skeleton3D" index="78"]
transform = Transform3D(0.305212, 0.106701, 0.946287, -0.934427, 0.225088, 0.276007, -0.183548, -0.968478, 0.168404, -2.66899, 3.04252, 4.94812)

[node name="Finger Base 4" parent="MeshRoot/Robot/Armature/Skeleton3D" index="79"]
transform = Transform3D(0.305212, 0.106701, 0.946287, -0.934427, 0.225088, 0.276007, -0.183547, -0.968478, 0.168404, -2.67513, 3.25423, 4.65937)

[node name="Right Hand" parent="MeshRoot/Robot/Armature/Skeleton3D" index="80"]
transform = Transform3D(0.303599, 0.10834, 0.94662, -0.93562, 0.221712, 0.274696, -0.180116, -0.969075, 0.168677, -2.8066, 3.5634, 4.8813)

[node name="Right Wrist Guard" parent="MeshRoot/Robot/Armature/Skeleton3D" index="81"]
transform = Transform3D(0.303599, 0.10834, 0.94662, -0.93562, 0.221712, 0.274696, -0.180116, -0.969075, 0.168677, -2.58271, 3.50333, 3.92488)

[node name="Right Arm_011" parent="MeshRoot/Robot/Armature/Skeleton3D" index="82"]
transform = Transform3D(-0.242808, -0.212024, 0.94662, 0.951802, 0.136435, 0.274696, -0.187395, 0.967694, 0.168677, -2.43373, 3.33045, 3.05433)

[node name="Right Arm_010" parent="MeshRoot/Robot/Armature/Skeleton3D" index="83"]
transform = Transform3D(-0.242809, -0.212024, 0.94662, 0.951802, 0.136435, 0.274697, -0.187395, 0.967694, 0.168677, -2.39259, 3.30397, 2.86655)

[node name="Right Arm_009" parent="MeshRoot/Robot/Armature/Skeleton3D" index="84"]
transform = Transform3D(-0.242659, -0.212347, 0.946586, 0.951704, 0.137068, 0.27472, -0.188082, 0.967533, 0.168831, -2.35142, 3.27744, 2.67879)

[node name="Right Arm_007" parent="MeshRoot/Robot/Armature/Skeleton3D" index="85"]
transform = Transform3D(-0.184971, -0.199571, 0.962267, 0.971355, 0.111513, 0.209845, -0.149185, 0.973517, 0.173227, -2.26938, 3.22409, 2.30311)

[node name="Right Arm_008" parent="MeshRoot/Robot/Armature/Skeleton3D" index="86"]
transform = Transform3D(-0.184971, -0.199571, 0.962267, 0.971355, 0.111513, 0.209845, -0.149185, 0.973517, 0.173227, -2.3081, 3.24573, 2.49202)

[node name="Right Arm_006" parent="MeshRoot/Robot/Armature/Skeleton3D" index="87"]
transform = Transform3D(-0.225097, -0.223932, 0.948254, 0.951454, 0.159162, 0.263443, -0.209919, 0.96152, 0.177234, -2.23028, 3.19936, 2.12602)

[node name="Right Arm_005" parent="MeshRoot/Robot/Armature/Skeleton3D" index="88"]
transform = Transform3D(-0.244947, -0.207268, 0.947123, 0.953177, 0.127217, 0.274354, -0.177355, 0.969977, 0.166401, -2.18533, 3.16929, 1.92567)

[node name="Right Arm_004" parent="MeshRoot/Robot/Armature/Skeleton3D" index="89"]
transform = Transform3D(-0.24243, -0.212943, 0.946511, 0.951573, 0.137914, 0.274753, -0.189044, 0.967282, 0.169196, -2.14457, 3.14358, 1.73773)

[node name="Right Arm_003" parent="MeshRoot/Robot/Armature/Skeleton3D" index="90"]
transform = Transform3D(-0.242347, -0.213057, 0.946507, 0.951518, 0.138281, 0.274757, -0.189423, 0.967205, 0.169216, -2.10324, 3.11678, 1.55004)

[node name="Right Arm_002" parent="MeshRoot/Robot/Armature/Skeleton3D" index="91"]
transform = Transform3D(-0.242265, -0.212668, 0.946615, 0.95146, 0.138813, 0.274691, -0.18982, 0.967214, 0.168715, -2.06193, 3.0899, 1.36235)

[node name="Right Arm_001" parent="MeshRoot/Robot/Armature/Skeleton3D" index="92"]
transform = Transform3D(-0.241991, -0.212493, 0.946724, 0.951275, 0.140205, 0.274623, -0.191091, 0.967052, 0.168211, -2.02068, 3.06283, 1.17468)

[node name="Right Arm" parent="MeshRoot/Robot/Armature/Skeleton3D" index="93"]
transform = Transform3D(-0.244276, -0.212805, 0.946068, 0.9527, 0.129247, 0.275061, -0.18081, 0.968509, 0.171167, -1.97942, 3.03669, 0.986933)

[node name="Right Shoulder" parent="MeshRoot/Robot/Armature/Skeleton3D" index="94"]
transform = Transform3D(1, 1.36624e-05, 0.00038753, 8.61282e-05, 0.966579, -0.25637, -0.000378081, 0.25637, 0.966579, 0.00471377, 2.51341, 0.448688)

[node name="Hips" parent="MeshRoot/Robot/Armature/Skeleton3D" index="95"]
transform = Transform3D(0.998041, 4.42389e-05, 0.0625564, 0.00865163, 0.990292, -0.138731, -0.0619553, 0.139, 0.988352, 0.00464276, -0.322942, -0.148072)

[node name="AnimationTree" type="AnimationTree" parent="MeshRoot"]
root_node = NodePath("../Robot")
tree_root = SubResource("AnimationNodeBlendTree_0fiv8")
anim_player = NodePath("../Robot/AnimationPlayer")
parameters/is_gliding/blend_amount = 0.0
parameters/jump/active = false
parameters/jump/internal_active = false
parameters/jump/request = 0
parameters/movement_anim_speed/scale = 1.0
parameters/movement_blend/blend_position = 0.0
parameters/on_floor_blend/blend_amount = 0.0

[node name="Glider" parent="MeshRoot" node_paths=PackedStringArray("player") instance=ExtResource("11_inerc")]
transform = Transform3D(0.2, 0, 0, 0, 0.2, 0, 0, 0, 0.2, 0, 0, 0)
script = ExtResource("12_sntr0")
player = NodePath("../..")

[node name="CamRoot" type="Node3D" parent="." node_paths=PackedStringArray("player")]
transform = Transform3D(1, 0, 0, 0, 1, 0, 0, 0, 1, 0, 0.869557, 0)
script = ExtResource("13_j0ncc")
player = NodePath("..")

[node name="CamYaw" type="Node3D" parent="CamRoot"]

[node name="CamPitch" type="Node3D" parent="CamRoot/CamYaw"]

[node name="SpringArm3D" type="SpringArm3D" parent="CamRoot/CamYaw/CamPitch" node_paths=PackedStringArray("player")]
shape = SubResource("SphereShape3D_fbxo0")
spring_length = -3.0
script = ExtResource("14_jlokr")
player = NodePath("../../../..")

[node name="Camera3D" type="Camera3D" parent="CamRoot/CamYaw/CamPitch/SpringArm3D"]
transform = Transform3D(-1, 0, -8.74228e-08, 0, 1, 0, 8.74228e-08, 0, -1, 0, 0, 0)
current = true

[node name="HurtOverlay" type="TextureRect" parent="."]
modulate = Color(1, 1, 1, 0)
anchors_preset = 15
anchor_right = 1.0
anchor_bottom = 1.0
grow_horizontal = 2
grow_vertical = 2
texture = ExtResource("15_4lvj7")
expand_mode = 1

[node name="SpeedOverlay" type="ColorRect" parent="."]
modulate = Color(1, 1, 1, 0)
material = SubResource("ShaderMaterial_5ddcd")
anchors_preset = 15
anchor_right = 1.0
anchor_bottom = 1.0
grow_horizontal = 2
grow_vertical = 2
color = Color(0, 0, 0, 1)

[node name="HealthBar" type="ProgressBar" parent="." node_paths=PackedStringArray("timer", "damage_bar")]
z_index = 1
offset_left = 8.0
offset_top = 14.0
offset_right = 248.0
offset_bottom = 54.0
theme_override_fonts/font = SubResource("FontVariation_364hi")
theme_override_styles/background = SubResource("StyleBoxEmpty_ai30p")
theme_override_styles/fill = SubResource("StyleBoxFlat_dxccx")
value = 60.0
script = ExtResource("17_ic8d8")
timer = NodePath("Timer")
damage_bar = NodePath("DamageBar")

[node name="DamageBar" type="ProgressBar" parent="HealthBar"]
z_index = -1
layout_mode = 1
anchors_preset = 15
anchor_right = 1.0
anchor_bottom = 1.0
grow_horizontal = 2
grow_vertical = 2
theme_override_styles/background = SubResource("StyleBoxFlat_5ofko")
theme_override_styles/fill = SubResource("StyleBoxFlat_q6b0o")
value = 80.0
show_percentage = false

[node name="Timer" type="Timer" parent="HealthBar"]
wait_time = 0.4
one_shot = true

[node name="GameOverScreen" parent="." instance=ExtResource("18_pn5pv")]
visible = false

[node name="FallDamage" type="AudioStreamPlayer" parent="."]
