[gd_scene load_steps=45 format=3 uid="uid://bd2s4wf2tu7sm"]

[ext_resource type="Script" path="res://Scenes/Models/Player/Player.gd" id="1_dvppb"]
[ext_resource type="Resource" uid="uid://c08l7gnjmjaqu" path="res://Scenes/Models/Player/MovementStates/run.tres" id="2_mml65"]
[ext_resource type="Resource" uid="uid://difpuuckqhvsv" path="res://Scenes/Models/Player/MovementStates/stand.tres" id="3_moa87"]
[ext_resource type="Resource" uid="uid://brvevs4yorhgf" path="res://Scenes/Models/Player/MovementStates/walk.tres" id="4_vttyl"]
[ext_resource type="Resource" uid="uid://bl52gdpkd3csn" path="res://Scenes/Models/Player/JumpStates/jump.tres" id="5_qm2u8"]
[ext_resource type="Resource" uid="uid://dnvfiisdtrht" path="res://Scenes/Models/Player/GlideStates/glide.tres" id="6_mtxa7"]
[ext_resource type="Script" path="res://Scenes/Models/Player/audio_controller.gd" id="7_7iij5"]
[ext_resource type="Script" path="res://Scenes/Models/Player/movement_controller.gd" id="8_j5sic"]
[ext_resource type="Script" path="res://Scenes/Models/Player/animation_controller.gd" id="9_eodew"]
[ext_resource type="PackedScene" uid="uid://bhdvfievnjoad" path="res://Scenes/Models/Player/Player.tscn" id="10_5kxhf"]
[ext_resource type="PackedScene" uid="uid://enjqiqwhpu7" path="res://Scenes/Models/Player/Glider.tscn" id="11_inerc"]
[ext_resource type="Script" path="res://Scenes/Models/Player/Glider.gd" id="12_sntr0"]
[ext_resource type="Script" path="res://Scenes/Models/Player/camera_controller.gd" id="13_j0ncc"]
[ext_resource type="Script" path="res://Scenes/Models/Player/SpringArm3D.gd" id="14_jlokr"]
[ext_resource type="Texture2D" uid="uid://dt0nnojl3rji0" path="res://Assets/Character/Textures/Damage Overlay.png" id="15_4lvj7"]
[ext_resource type="AudioStream" uid="uid://pt0u3r8i0vdg" path="res://Assets/Sound/Effects/damage.wav" id="16_0wh5x"]
[ext_resource type="Shader" path="res://Scenes/Models/Player/SpeedOverlay.gdshader" id="16_1v2vt"]
[ext_resource type="Script" path="res://Scenes/Models/Player/HealthBar.gd" id="17_ic8d8"]
[ext_resource type="AudioStream" uid="uid://0mnwvfvadsp4" path="res://Assets/Sound/Music/Song 1.wav" id="17_vstat"]
[ext_resource type="PackedScene" uid="uid://bdngkrkcavhrj" path="res://Scenes/Screens/death_screen.tscn" id="18_pn5pv"]
[ext_resource type="Script" path="res://Scenes/Models/Player/stamina_meter.gd" id="21_0ngw6"]
[ext_resource type="PackedScene" uid="uid://eg0orw83mbc7" path="res://Scenes/Screens/pause_screen.tscn" id="22_lstwq"]

[sub_resource type="CapsuleShape3D" id="CapsuleShape3D_ny02q"]

[sub_resource type="AnimationNodeAnimation" id="AnimationNodeAnimation_uhh3q"]
animation = &"Falling"

[sub_resource type="AnimationNodeAnimation" id="AnimationNodeAnimation_4lju0"]
animation = &"Glide"

[sub_resource type="AnimationNodeAnimation" id="AnimationNodeAnimation_6t4by"]
animation = &"Jump"

[sub_resource type="AnimationNodeBlend2" id="AnimationNodeBlend2_p55mh"]

[sub_resource type="AnimationNodeOneShot" id="AnimationNodeOneShot_rmhht"]

[sub_resource type="AnimationNodeTimeScale" id="AnimationNodeTimeScale_qoddc"]

[sub_resource type="AnimationNodeAnimation" id="AnimationNodeAnimation_sivxs"]
animation = &"Idle"

[sub_resource type="AnimationNodeAnimation" id="AnimationNodeAnimation_wbm5n"]
animation = &"Walk"

[sub_resource type="AnimationNodeAnimation" id="AnimationNodeAnimation_ci5d5"]
animation = &"Running"

[sub_resource type="AnimationNodeBlendSpace1D" id="AnimationNodeBlendSpace1D_h2nin"]
blend_point_0/node = SubResource("AnimationNodeAnimation_sivxs")
blend_point_0/pos = 0.0
blend_point_1/node = SubResource("AnimationNodeAnimation_wbm5n")
blend_point_1/pos = 1.0
blend_point_2/node = SubResource("AnimationNodeAnimation_ci5d5")
blend_point_2/pos = 2.0
min_space = 0.0
max_space = 3.0
snap = 1.0

[sub_resource type="AnimationNodeBlend2" id="AnimationNodeBlend2_gxhi5"]

[sub_resource type="AnimationNodeBlendTree" id="AnimationNodeBlendTree_0fiv8"]
graph_offset = Vector2(39.6885, 312.508)
nodes/Animation/node = SubResource("AnimationNodeAnimation_6t4by")
nodes/Animation/position = Vector2(400, 400)
"nodes/Animation 2/node" = SubResource("AnimationNodeAnimation_uhh3q")
"nodes/Animation 2/position" = Vector2(120, 620)
"nodes/Animation 3/node" = SubResource("AnimationNodeAnimation_4lju0")
"nodes/Animation 3/position" = Vector2(140, 740)
nodes/is_gliding/node = SubResource("AnimationNodeBlend2_p55mh")
nodes/is_gliding/position = Vector2(660, 580)
nodes/jump/node = SubResource("AnimationNodeOneShot_rmhht")
nodes/jump/position = Vector2(1200, 520)
nodes/movement_anim_speed/node = SubResource("AnimationNodeTimeScale_qoddc")
nodes/movement_anim_speed/position = Vector2(660, 1000)
nodes/movement_blend/node = SubResource("AnimationNodeBlendSpace1D_h2nin")
nodes/movement_blend/position = Vector2(400, 1040)
nodes/on_floor_blend/node = SubResource("AnimationNodeBlend2_gxhi5")
nodes/on_floor_blend/position = Vector2(1580, 720)
nodes/output/position = Vector2(1860, 660)
node_connections = [&"is_gliding", 0, &"Animation 2", &"is_gliding", 1, &"Animation 3", &"jump", 0, &"movement_anim_speed", &"jump", 1, &"Animation", &"movement_anim_speed", 0, &"movement_blend", &"on_floor_blend", 0, &"is_gliding", &"on_floor_blend", 1, &"jump", &"output", 0, &"on_floor_blend"]

[sub_resource type="SphereShape3D" id="SphereShape3D_fbxo0"]
radius = 0.07

[sub_resource type="FastNoiseLite" id="FastNoiseLite_aw0s0"]

[sub_resource type="NoiseTexture2D" id="NoiseTexture2D_ow4ag"]
width = 1024
height = 1024
noise = SubResource("FastNoiseLite_aw0s0")

[sub_resource type="ShaderMaterial" id="ShaderMaterial_5ddcd"]
shader = ExtResource("16_1v2vt")
shader_parameter/line_color = Color(0.509286, 0.509286, 0.509286, 1)
shader_parameter/line_count = 2.0
shader_parameter/line_density = 0.135
shader_parameter/line_falloff = 0.827
shader_parameter/mask_size = 0.299
shader_parameter/mask_edge = 0.367
shader_parameter/animation_speed = 3.74
shader_parameter/noise = SubResource("NoiseTexture2D_ow4ag")

[sub_resource type="FontVariation" id="FontVariation_364hi"]
variation_embolden = 1.06

[sub_resource type="StyleBoxEmpty" id="StyleBoxEmpty_ai30p"]

[sub_resource type="StyleBoxFlat" id="StyleBoxFlat_dxccx"]
bg_color = Color(0.452292, 0.663102, 0.44814, 1)

[sub_resource type="StyleBoxFlat" id="StyleBoxFlat_5ofko"]
bg_color = Color(0.262932, 0.262932, 0.262932, 1)
expand_margin_left = 5.0
expand_margin_top = 5.0
expand_margin_right = 5.0
expand_margin_bottom = 5.0
shadow_color = Color(0, 0, 0, 0.27451)
shadow_offset = Vector2(0, 1)

[sub_resource type="StyleBoxFlat" id="StyleBoxFlat_q6b0o"]
bg_color = Color(0.811075, 0.856637, 0.833661, 1)

[node name="Player" type="CharacterBody3D" groups=["player"]]
transform = Transform3D(1, 0, 0, 0, 1, 0, 0, 0, 1, 0, 1, 0)
script = ExtResource("1_dvppb")
movement_states = {
"run": ExtResource("2_mml65"),
"stand": ExtResource("3_moa87"),
"walk": ExtResource("4_vttyl")
}
jump_states = {
"jump": ExtResource("5_qm2u8")
}
glide_states = {
"glide": ExtResource("6_mtxa7")
}

[node name="AudioController" type="Node" parent="." node_paths=PackedStringArray("fall_damage_player", "main_song", "sound_effects", "player")]
script = ExtResource("7_7iij5")
fall_damage_player = NodePath("../FallDamage")
main_song = NodePath("../Main Song")
sound_effects = NodePath("../SoundEffects")
player = NodePath("..")

[node name="MovementController" type="Node" parent="." node_paths=PackedStringArray("player", "mesh_root", "hurt_overlay", "speed_overlay", "health_bar", "death_screen", "skeleton")]
script = ExtResource("8_j5sic")
player = NodePath("..")
mesh_root = NodePath("../MeshRoot")
hurt_overlay = NodePath("../HurtOverlay")
speed_overlay = NodePath("../SpeedOverlay")
health_bar = NodePath("../HealthBar")
death_screen = NodePath("../GameOverScreen")
skeleton = NodePath("../MeshRoot/Robot/Armature/Skeleton3D")
glide_states = {
"glide": ExtResource("6_mtxa7")
}

[node name="AnimationController" type="Node" parent="." node_paths=PackedStringArray("animation_tree", "player")]
script = ExtResource("9_eodew")
animation_tree = NodePath("../MeshRoot/AnimationTree")
player = NodePath("..")

[node name="CollisionShape3D" type="CollisionShape3D" parent="."]
shape = SubResource("CapsuleShape3D_ny02q")

[node name="MeshRoot" type="Node3D" parent="."]

[node name="Robot" parent="MeshRoot" instance=ExtResource("10_5kxhf")]
transform = Transform3D(1, 0, 0, 0, 1, 0, 0, 0, 1, 0, -1.02912, 0)

[node name="Skeleton3D" parent="MeshRoot/Robot/Armature" index="0"]
bones/1/position = Vector3(2.455, 8.51828, 3.16529)
bones/3/position = Vector3(-2.46437, 8.51827, 3.16529)
bones/5/position = Vector3(0, 5.70156, 0)
bones/5/rotation = Quaternion(0.0703003, 0, 0, 0.997526)
bones/7/rotation = Quaternion(-0.446218, 0.0909049, 0.0586385, 0.888362)
bones/8/rotation = Quaternion(8.42614e-08, 1.19024e-07, -0.0878772, 0.996131)
bones/9/rotation = Quaternion(3.21048e-08, -2.36837e-07, -0.0656284, 0.997844)
bones/10/rotation = Quaternion(1.9707e-08, 2.38059e-07, -0.039463, 0.999221)
bones/11/rotation = Quaternion(-1.17175e-05, -0.0019178, -0.0061122, 0.999979)
bones/12/rotation = Quaternion(5.79707e-05, 0.00191684, 0.0302354, 0.999541)
bones/13/rotation = Quaternion(-4.03682e-08, 1.18764e-07, 0.0678306, 0.997697)
bones/14/rotation = Quaternion(-1.0938e-07, 3.56685e-07, 0.102194, 0.994765)
bones/15/rotation = Quaternion(0.00115976, -0.00905385, 0.127072, 0.991852)
bones/16/rotation = Quaternion(0.00196716, 0.00891284, 0.215525, 0.976456)
bones/31/position = Vector3(-1.19487, 3.02562, -2.24914)
bones/32/position = Vector3(0.0409813, -0.261409, -5.76169e-05)
bones/32/rotation = Quaternion(0.000113419, 0.000698987, 0.160203, 0.987084)
bones/42/position = Vector3(-2.74495, 2.2551, -1.61508)
bones/43/position = Vector3(-0.0409653, -0.261383, -5.77883e-05)
bones/43/rotation = Quaternion(-0.000157933, -0.000690231, 0.223101, 0.974795)
bones/52/rotation = Quaternion(-0.380746, 0.253013, 0.519802, 0.721681)
bones/53/rotation = Quaternion(3.93746e-08, -1.02646e-07, 0.101539, 0.994832)
bones/54/rotation = Quaternion(4.14202e-08, 2.37449e-07, 0.0759726, 0.99711)
bones/55/rotation = Quaternion(2.35503e-08, -2.39414e-07, 0.0457012, 0.998955)
bones/56/rotation = Quaternion(-1.3819e-05, 0.00191779, 0.00720692, 0.999972)
bones/57/rotation = Quaternion(6.71874e-05, -0.00191654, -0.0350459, 0.999384)
bones/58/rotation = Quaternion(-5.51187e-08, -1.19817e-07, -0.0784891, 0.996915)
bones/59/rotation = Quaternion(-1.36438e-07, -3.54736e-07, -0.117986, 0.993015)
bones/60/rotation = Quaternion(0.00133418, 0.00902978, -0.146184, 0.989215)
bones/61/rotation = Quaternion(0.0021503, -0.00887041, -0.235592, 0.971809)
bones/76/rotation = Quaternion(0.0592395, -0.000235748, 0.00724406, 0.998218)
bones/79/rotation = Quaternion(0.190215, 1.76359e-06, 7.87864e-05, 0.981743)
bones/87/rotation = Quaternion(-0.000896317, 0.00168269, -0.717235, 0.696829)
bones/88/rotation = Quaternion(-0.00494084, 7.14921e-05, 0.297733, 0.954636)
bones/89/rotation = Quaternion(0.527447, -0.424711, -0.147489, 0.72088)
bones/90/rotation = Quaternion(-0.00207246, -0.00334011, -0.00783028, 0.999962)
bones/91/rotation = Quaternion(0.00182163, 2.00848e-07, 0.00680353, 0.999975)
bones/92/rotation = Quaternion(-0.000194959, 4.84237e-06, -0.000390787, 1)
bones/93/rotation = Quaternion(-0.000286623, 4.71048e-06, -0.000444881, 1)
bones/94/rotation = Quaternion(5.61461e-05, -1.05998e-07, -0.000615754, 1)
bones/95/rotation = Quaternion(0.00155009, -2.91675e-06, -0.00580586, 0.999982)
bones/96/rotation = Quaternion(-0.00497294, 0.000658843, 0.0190801, 0.999805)
bones/97/rotation = Quaternion(0.00869774, 0.0397979, -0.0283107, 0.998769)
bones/98/rotation = Quaternion(-0.00666238, -0.04047, 0.0217891, 0.998921)
bones/99/rotation = Quaternion(0.00171292, -3.04611e-07, -0.00655342, 0.999977)
bones/100/rotation = Quaternion(0.000179275, -2.51457e-08, -0.000698349, 1)
bones/102/rotation = Quaternion(-6.28291e-09, -7.81915e-08, 0.00604859, 0.999982)
bones/105/rotation = Quaternion(-6.62427e-10, 1.44506e-07, 0.00087978, 1)
bones/109/rotation = Quaternion(-8.77514e-08, 3.3197e-07, 0.0640607, 0.997946)
bones/110/rotation = Quaternion(1.39102e-08, -8.02659e-08, -0.00846498, 0.999964)
bones/111/rotation = Quaternion(-1.23116e-10, 1.42563e-07, 3.92348e-05, 1)
bones/115/rotation = Quaternion(5.14655e-08, 4.24464e-07, -0.0351677, 0.999381)
bones/121/rotation = Quaternion(7.624e-07, 8.13779e-07, -0.396704, 0.917946)
bones/122/rotation = Quaternion(2.39691e-09, -5.35418e-08, -0.0011728, 0.999999)
bones/140/rotation = Quaternion(-0.00108472, -0.00157224, 0.707184, 0.707027)
bones/141/rotation = Quaternion(-0.00484098, -0.000232663, -0.297911, 0.954581)
bones/142/rotation = Quaternion(0.527278, 0.42435, 0.148054, 0.7211)
bones/143/rotation = Quaternion(-0.00161217, 0.000125805, 0.00566776, 0.999983)
bones/144/rotation = Quaternion(0.00152979, -1.66975e-07, -0.0053136, 0.999985)
bones/145/rotation = Quaternion(-0.000259948, -4.92711e-06, 0.000656254, 1)
bones/146/rotation = Quaternion(-0.00025809, -4.8241e-06, 0.000205244, 1)
bones/147/rotation = Quaternion(9.99786e-06, 2.00035e-07, 0.000196448, 1)
bones/148/rotation = Quaternion(0.00144456, 3.05097e-06, 0.00603126, 0.999981)
bones/149/rotation = Quaternion(-0.0042737, -0.00641461, -0.0179905, 0.999808)
bones/150/rotation = Quaternion(0.00728551, -0.0268001, 0.0264981, 0.999263)
bones/151/rotation = Quaternion(-0.00563094, 0.0332222, -0.0210139, 0.999211)
bones/152/rotation = Quaternion(0.00160057, 3.19791e-07, 0.00690656, 0.999975)
bones/153/rotation = Quaternion(7.9737e-05, 2.70083e-08, 0.000355281, 1)
bones/155/rotation = Quaternion(-6.09949e-09, 7.80795e-08, -0.0060486, 0.999982)
bones/156/rotation = Quaternion(-1.56508e-07, -1.89241e-07, -0.133093, 0.991104)
bones/157/rotation = Quaternion(-1.45058e-08, -2.28915e-08, -0.00825755, 0.999966)
bones/158/rotation = Quaternion(-6.41562e-10, -1.4453e-07, -0.00087978, 1)
bones/162/rotation = Quaternion(-8.27381e-08, -3.3349e-07, -0.0640607, 0.997946)
bones/168/rotation = Quaternion(4.92962e-08, -4.23882e-07, 0.0351676, 0.999381)
bones/169/rotation = Quaternion(1.06161e-08, -8.55839e-08, 0.00496715, 0.999988)
bones/170/rotation = Quaternion(1.42861e-08, -3.03825e-08, 0.00712437, 0.999975)
bones/174/rotation = Quaternion(7.5165e-07, -8.11006e-07, 0.396704, 0.917946)
bones/175/rotation = Quaternion(1.22299e-10, 5.35334e-08, 0.00117277, 0.999999)

[node name="Lower Left Leg" parent="MeshRoot/Robot/Armature/Skeleton3D" index="0"]
transform = Transform3D(0.998281, -0.0232003, -0.0538281, -0.0299778, 0.587061, -0.808987, 0.050369, 0.80921, 0.585357, 0.921834, -2.91332, -1.16837)

[node name="Left Leg Joint Cutouts" parent="MeshRoot/Robot/Armature/Skeleton3D" index="1"]
transform = Transform3D(0.998281, -0.0232003, -0.0538281, -0.0299778, 0.587061, -0.808987, 0.050369, 0.80921, 0.585357, 0.904223, -2.38847, -0.558769)

[node name="Lower Left Leg Joint" parent="MeshRoot/Robot/Armature/Skeleton3D" index="2"]
transform = Transform3D(0.998281, -0.0232003, -0.0538281, -0.0299778, 0.587061, -0.808987, 0.050369, 0.80921, 0.585357, 0.912458, -2.29615, -0.438471)

[node name="Lower Left Leg Joint" parent="MeshRoot/Robot/Armature/Skeleton3D/Lower Left Leg Joint" index="0"]
transform = Transform3D(1, -3.72529e-09, -3.72529e-09, -1.86265e-09, 1, -2.98023e-08, 0, -2.98023e-08, 1, 0, 0, 0)

[node name="Lower Left Leg Light" parent="MeshRoot/Robot/Armature/Skeleton3D" index="3"]
transform = Transform3D(0.998281, -0.0232003, -0.0538281, -0.0299778, 0.587061, -0.808987, 0.050369, 0.80921, 0.585357, 1.21452, -2.66962, -1.14159)

[node name="Limb Segment_018" parent="MeshRoot/Robot/Armature/Skeleton3D" index="4"]
transform = Transform3D(0.998092, -0.0194916, 0.0585938, -0.0456091, -0.872373, 0.486708, 0.0416288, -0.488451, -0.871598, 0.921494, -1.40279, 0.136801)

[node name="Limb Segment_017" parent="MeshRoot/Robot/Armature/Skeleton3D" index="5"]
transform = Transform3D(0.998285, -0.0160575, 0.0562936, -0.0297116, -0.967557, 0.250898, 0.0504383, -0.25214, -0.966375, 0.919052, -1.33604, -0.031417)

[node name="Limb Segment_016" parent="MeshRoot/Robot/Armature/Skeleton3D" index="6"]
transform = Transform3D(0.996845, -0.0601362, 0.0517965, -0.0626784, -0.996833, 0.0489381, 0.0486893, -0.0520301, -0.997458, 0.940705, -1.32217, -0.129881)

[node name="Limb Segment_015" parent="MeshRoot/Robot/Armature/Skeleton3D" index="7"]
transform = Transform3D(0.998177, -0.0371113, 0.0476076, -0.032887, -0.995697, -0.0866381, 0.0506178, 0.0849146, -0.995102, 0.934712, -1.32346, -0.165419)

[node name="Limb Segment_014" parent="MeshRoot/Robot/Armature/Skeleton3D" index="8"]
transform = Transform3D(0.997897, -0.0462218, 0.0454532, -0.039102, -0.988413, -0.146668, 0.0517056, 0.144582, -0.988141, 0.93504, -1.32428, -0.167645)

[node name="Limb Segment_013" parent="MeshRoot/Robot/Armature/Skeleton3D" index="9"]
transform = Transform3D(0.9976, -0.051836, 0.0459021, -0.0452424, -0.989871, -0.134571, 0.0524126, 0.132171, -0.989841, 0.934089, -1.32505, -0.169627)

[node name="Limb Segment_012" parent="MeshRoot/Robot/Armature/Skeleton3D" index="10"]
transform = Transform3D(0.997682, -0.0175352, 0.0657504, -0.0138196, -0.998304, -0.056546, 0.0666303, 0.0555064, -0.996233, 0.94617, -1.32815, -0.19641)

[node name="Limb Segment_011" parent="MeshRoot/Robot/Armature/Skeleton3D" index="11"]
transform = Transform3D(0.998523, -0.0415886, 0.0349714, -0.0441401, -0.996156, 0.075666, 0.0316898, -0.0770978, -0.99652, 0.933863, -1.32734, -0.264379)

[node name="Limb Segment_003" parent="MeshRoot/Robot/Armature/Skeleton3D" index="12"]
transform = Transform3D(0.996987, -0.0105961, 0.0768383, -0.0293914, -0.96836, 0.24782, 0.071781, -0.249332, -0.965755, 0.954491, -1.30897, -0.378513)

[node name="Left Foot" parent="MeshRoot/Robot/Armature/Skeleton3D" index="13"]
transform = Transform3D(0.999982, -1.57114e-06, 0.00605715, 0.00176242, 0.956804, -0.290729, -0.00579531, 0.290735, 0.956786, 0.925029, -3.79649, -1.30953)

[node name="Foot_005" parent="MeshRoot/Robot/Armature/Skeleton3D" index="14"]
transform = Transform3D(0.999982, -1.57114e-06, 0.00605715, 0.00176242, 0.956804, -0.290729, -0.00579531, 0.290735, 0.956786, 0.94011, -3.15712, -1.41498)

[node name="Foot_006" parent="MeshRoot/Robot/Armature/Skeleton3D" index="15"]
transform = Transform3D(0.999982, -1.57114e-06, 0.00605715, 0.00176242, 0.956804, -0.290729, -0.00579531, 0.290735, 0.956786, 0.943911, -4.23406, -1.08654)

[node name="Foot_007" parent="MeshRoot/Robot/Armature/Skeleton3D" index="16"]
transform = Transform3D(0.999982, -1.57114e-06, 0.00605715, 0.00176242, 0.956804, -0.290729, -0.00579531, 0.290735, 0.956786, 0.936816, -3.89351, -2.20729)

[node name="Left Foot Joint" parent="MeshRoot/Robot/Armature/Skeleton3D" index="17"]
transform = Transform3D(0.999982, -1.57114e-06, 0.00605715, 0.00176242, 0.956804, -0.290729, -0.00579531, 0.290735, 0.956786, 1.36246, -3.43025, -1.48596)

[node name="Right Foot" parent="MeshRoot/Robot/Armature/Skeleton3D" index="18"]
transform = Transform3D(0.999962, 3.62052e-07, -0.00872141, 0.00400236, 0.888474, 0.45891, 0.00774903, -0.458928, 0.88844, -0.916612, -2.59026, 2.8835)

[node name="Foot" parent="MeshRoot/Robot/Armature/Skeleton3D" index="19"]
transform = Transform3D(0.999962, 3.62052e-07, -0.00872141, 0.00400236, 0.888474, 0.45891, 0.00774903, -0.458928, 0.88844, -0.930929, -2.2056, 2.36199)

[node name="Foot_001" parent="MeshRoot/Robot/Armature/Skeleton3D" index="20"]
transform = Transform3D(0.999962, 3.62052e-07, -0.00872141, 0.00400236, 0.888474, 0.45891, 0.00774903, -0.458928, 0.88844, -0.936401, -2.74836, 3.34844)

[node name="Foot_002" parent="MeshRoot/Robot/Armature/Skeleton3D" index="21"]
transform = Transform3D(0.999962, 3.62052e-07, -0.00872141, 0.00400236, 0.888474, 0.45891, 0.00774903, -0.458928, 0.88844, -0.926185, -3.28591, 2.30775)

[node name="Right Foot Joint" parent="MeshRoot/Robot/Armature/Skeleton3D" index="22"]
transform = Transform3D(0.999962, 3.62052e-07, -0.00872141, 0.00400236, 0.888474, 0.45891, 0.00774903, -0.458928, 0.88844, -1.35331, -2.45137, 2.50061)

[node name="Lower Right Leg" parent="MeshRoot/Robot/Armature/Skeleton3D" index="23"]
transform = Transform3D(0.999118, -0.018461, -0.0377306, 0.0315555, 0.922749, 0.384107, 0.027725, -0.384958, 0.922517, -0.950704, -1.86803, 1.93929)

[node name="Lower Right Leg Joint" parent="MeshRoot/Robot/Armature/Skeleton3D" index="24"]
transform = Transform3D(0.999118, -0.018461, -0.0377306, 0.0315555, 0.922749, 0.384107, 0.027725, -0.384958, 0.922517, -0.974498, -1.01625, 1.50613)

[node name="Lower Right Leg Light" parent="MeshRoot/Robot/Armature/Skeleton3D" index="25"]
transform = Transform3D(0.999118, -0.018461, -0.0377306, 0.0315555, 0.922749, 0.384107, 0.027725, -0.384958, 0.922517, -1.23215, -1.80708, 1.68861)

[node name="Right Leg Joint Cutouts" parent="MeshRoot/Robot/Armature/Skeleton3D" index="26"]
transform = Transform3D(0.999118, -0.018461, -0.0377306, 0.0315555, 0.922749, 0.384107, 0.027725, -0.384958, 0.922517, -0.960379, -1.15373, 1.56906)

[node name="Limb Segment_010" parent="MeshRoot/Robot/Armature/Skeleton3D" index="27"]
transform = Transform3D(-0.998973, 0.0170265, -0.0419951, -0.0430906, -0.643743, 0.764027, -0.0140255, 0.765052, 0.643816, -0.987911, -0.278264, 0.743996)

[node name="Limb Segment_009" parent="MeshRoot/Robot/Armature/Skeleton3D" index="28"]
transform = Transform3D(-0.999114, -0.0132518, -0.0399504, -0.0314466, -0.39589, 0.917759, -0.0279781, 0.918202, 0.395122, -0.966393, -0.454794, 0.635587)

[node name="Limb Segment_008" parent="MeshRoot/Robot/Armature/Skeleton3D" index="29"]
transform = Transform3D(-0.999301, 0.0107768, -0.0357967, -0.0371027, -0.168682, 0.984972, 0.00457648, 0.985612, 0.168964, -0.978213, -0.566604, 0.602192)

[node name="Limb Segment_007" parent="MeshRoot/Robot/Armature/Skeleton3D" index="30"]
transform = Transform3D(-0.999193, -0.024389, -0.031917, -0.0315951, -0.0134805, 0.99941, -0.0248049, 0.999612, 0.0126989, -0.969096, -0.607105, 0.599524)

[node name="Limb Segment_006" parent="MeshRoot/Robot/Armature/Skeleton3D" index="31"]
transform = Transform3D(-0.999347, -0.0202545, -0.0299252, -0.0310326, 0.056757, 0.997906, -0.0185137, 0.998182, -0.0573486, -0.969266, -0.609836, 0.599939)

[node name="Limb Segment_005" parent="MeshRoot/Robot/Armature/Skeleton3D" index="32"]
transform = Transform3D(-0.999447, -0.0136373, -0.0303468, -0.0309025, 0.0425603, 0.998616, -0.0123269, 0.999001, -0.0429583, -0.968188, -0.612154, 0.60058)

[node name="Limb Segment_004" parent="MeshRoot/Robot/Armature/Skeleton3D" index="33"]
transform = Transform3D(-0.999166, -0.0242185, -0.0328736, -0.031652, -0.0492162, 0.998287, -0.025795, 0.998495, 0.0484085, -0.971926, -0.644403, 0.601015)

[node name="Limb Segment_001" parent="MeshRoot/Robot/Armature/Skeleton3D" index="34"]
transform = Transform3D(-0.999074, -0.0228767, -0.0364557, -0.0311543, -0.200018, 0.979297, -0.029695, 0.979525, 0.19912, -0.971253, -0.721351, 0.591794)

[node name="Limb Segment_002" parent="MeshRoot/Robot/Armature/Skeleton3D" index="35"]
transform = Transform3D(-0.999202, 0.00165441, -0.0399191, -0.0373544, -0.39317, 0.918706, -0.0141752, 0.919464, 0.392918, -0.95496, -0.849836, 0.552352)

[node name="Head_2" parent="MeshRoot/Robot/Armature/Skeleton3D" index="36"]
transform = Transform3D(1, 3.57824e-06, 0.000387767, 0.000229337, 0.800883, -0.598821, -0.000312699, 0.598821, 0.800883, 0.00482482, 4.11906, 1.50548)

[node name="Inner Eye Lights" parent="MeshRoot/Robot/Armature/Skeleton3D" index="37"]
transform = Transform3D(1, 0.000387767, -3.57824e-06, 0.000229337, -0.598821, -0.800883, -0.000312699, 0.800883, -0.598821, 0.00501832, 3.87211, 1.93388)

[node name="Lights 2" parent="MeshRoot/Robot/Armature/Skeleton3D" index="38"]
transform = Transform3D(1, 0.000387767, -3.57824e-06, 0.000229337, -0.598821, -0.800883, -0.000312699, 0.800883, -0.598821, 0.00500974, 3.8741, 1.90852)

[node name="Right Arm_012" parent="MeshRoot/Robot/Armature/Skeleton3D" index="39"]
transform = Transform3D(1, 1.3768e-05, 0.000387533, 8.60442e-05, 0.966578, -0.25637, -0.000378111, 0.25637, 0.966579, -0.0203262, 3.46228, 0.673417)

[node name="Main Body_2" parent="MeshRoot/Robot/Armature/Skeleton3D" index="40"]
transform = Transform3D(0.999587, 2.57424e-05, -0.0287259, -0.0073659, 0.966795, -0.255448, 0.0277655, 0.255554, 0.966396, 0.00471407, 2.51341, 0.448688)

[node name="Reactor Casing" parent="MeshRoot/Robot/Armature/Skeleton3D" index="41"]
transform = Transform3D(0.999587, 2.57424e-05, -0.0287259, -0.0073659, 0.966795, -0.255448, 0.0277655, 0.255554, 0.966396, -0.040391, 2.1839, 1.98511)

[node name="Reactor" parent="MeshRoot/Robot/Armature/Skeleton3D" index="42"]
transform = Transform3D(0.999587, 2.57424e-05, -0.0287259, -0.0073659, 0.966795, -0.255448, 0.0277655, 0.255554, 0.966396, -0.0421835, 2.19392, 2.0523)

[node name="Finger End 1_001" parent="MeshRoot/Robot/Armature/Skeleton3D" index="43"]
transform = Transform3D(0.281516, -0.115324, -0.952601, 0.94629, 0.19788, 0.255694, 0.159013, -0.973419, 0.164836, 3.02749, 4.21255, 5.12262)

[node name="Finger Middle 1_001" parent="MeshRoot/Robot/Armature/Skeleton3D" index="44"]
transform = Transform3D(0.281516, -0.115324, -0.952601, 0.946289, 0.197881, 0.255694, 0.159014, -0.973418, 0.164837, 2.95628, 4.09585, 4.89211)

[node name="Finger Base 1_001" parent="MeshRoot/Robot/Armature/Skeleton3D" index="45"]
transform = Transform3D(0.281515, -0.115325, -0.952601, 0.946289, 0.197879, 0.255694, 0.159012, -0.973419, 0.164836, 2.88268, 3.97457, 4.65327)

[node name="Finger End 2_001" parent="MeshRoot/Robot/Armature/Skeleton3D" index="46"]
transform = Transform3D(0.281515, -0.115324, -0.952601, 0.946289, 0.197879, 0.255694, 0.159012, -0.973419, 0.164837, 2.97228, 3.92515, 5.24938)

[node name="Finger Middle 2_001" parent="MeshRoot/Robot/Armature/Skeleton3D" index="47"]
transform = Transform3D(0.281515, -0.115324, -0.952601, 0.946289, 0.19788, 0.255694, 0.159013, -0.973419, 0.164837, 2.9087, 3.84873, 5.00048)

[node name="Finger Base 2_001" parent="MeshRoot/Robot/Armature/Skeleton3D" index="48"]
transform = Transform3D(0.281516, -0.115324, -0.952601, 0.946289, 0.197881, 0.255694, 0.159014, -0.973418, 0.164836, 2.84588, 3.77162, 4.75125)

[node name="Finger End 3_001" parent="MeshRoot/Robot/Armature/Skeleton3D" index="49"]
transform = Transform3D(0.283165, -0.114758, -0.952181, 0.94521, 0.201573, 0.256798, 0.162465, -0.972727, 0.165549, 2.9027, 3.62475, 5.31507)

[node name="Finger Middle 3_001" parent="MeshRoot/Robot/Armature/Skeleton3D" index="50"]
transform = Transform3D(0.283166, -0.114757, -0.952181, 0.945212, 0.201575, 0.256798, 0.162467, -0.972728, 0.165549, 2.85008, 3.59709, 5.05373)

[node name="Finger Base 3_001" parent="MeshRoot/Robot/Armature/Skeleton3D" index="51"]
transform = Transform3D(0.283165, -0.114757, -0.952181, 0.94521, 0.201575, 0.256798, 0.162466, -0.972727, 0.165549, 2.79235, 3.56517, 4.76475)

[node name="Finger End 4_001" parent="MeshRoot/Robot/Armature/Skeleton3D" index="52"]
transform = Transform3D(0.283165, -0.114757, -0.952181, 0.94521, 0.201573, 0.256798, 0.162465, -0.972727, 0.165549, 2.71671, 3.1772, 4.93766)

[node name="Finger Base 4_001" parent="MeshRoot/Robot/Armature/Skeleton3D" index="53"]
transform = Transform3D(0.283165, -0.114757, -0.952181, 0.94521, 0.201574, 0.256798, 0.162466, -0.972727, 0.165549, 2.72408, 3.37849, 4.64158)

[node name="Left Hand_001" parent="MeshRoot/Robot/Armature/Skeleton3D" index="54"]
transform = Transform3D(0.282539, -0.115561, -0.95227, 0.946474, 0.195103, 0.257143, 0.156075, -0.973951, 0.164499, 2.80481, 3.7065, 4.85137)

[node name="Left Wrist Guard" parent="MeshRoot/Robot/Armature/Skeleton3D" index="55"]
transform = Transform3D(0.282539, -0.115561, -0.95227, 0.946474, 0.195103, 0.257143, 0.156075, -0.973951, 0.164499, 2.58004, 3.61033, 3.90863)

[node name="Left Arm_011" parent="MeshRoot/Robot/Armature/Skeleton3D" index="56"]
transform = Transform3D(0.282539, -0.115561, -0.95227, 0.946473, 0.195103, 0.257143, 0.156075, -0.973951, 0.164499, 2.43505, 3.41205, 3.0427)

[node name="Left Arm_010" parent="MeshRoot/Robot/Armature/Skeleton3D" index="57"]
transform = Transform3D(0.282539, -0.115561, -0.95227, 0.946473, 0.195103, 0.257143, 0.156075, -0.973951, 0.164499, 2.3941, 3.38, 2.85575)

[node name="Left Arm_009" parent="MeshRoot/Robot/Armature/Skeleton3D" index="58"]
transform = Transform3D(0.282505, -0.116272, -0.952193, 0.94671, 0.193866, 0.257205, 0.154692, -0.974113, 0.164844, 2.35309, 3.34783, 2.66884)

[node name="Left Arm_008" parent="MeshRoot/Robot/Armature/Skeleton3D" index="59"]
transform = Transform3D(0.282157, -0.122996, -0.951451, 0.948845, 0.182262, 0.257823, 0.141702, -0.975527, 0.168131, 2.31145, 3.31448, 2.4823)

[node name="Left Arm_007" parent="MeshRoot/Robot/Armature/Skeleton3D" index="60"]
transform = Transform3D(0.210725, -0.129491, -0.968931, 0.957354, 0.227753, 0.177769, 0.197657, -0.96507, 0.171962, 2.27112, 3.28363, 2.29504)

[node name="Left Arm_006" parent="MeshRoot/Robot/Armature/Skeleton3D" index="61"]
transform = Transform3D(0.280558, -0.130285, -0.950954, 0.951157, 0.170678, 0.257234, 0.128793, -0.976675, 0.171807, 2.23234, 3.25335, 2.11764)

[node name="Left Arm_005" parent="MeshRoot/Robot/Armature/Skeleton3D" index="62"]
transform = Transform3D(0.282769, -0.110284, -0.952827, 0.944642, 0.204361, 0.256686, 0.166413, -0.972663, 0.161966, 2.18782, 3.21731, 1.91976)

[node name="Left Arm_004" parent="MeshRoot/Robot/Armature/Skeleton3D" index="63"]
transform = Transform3D(0.282552, -0.116307, -0.952175, 0.946659, 0.194118, 0.257204, 0.15492, -0.974059, 0.164952, 2.14728, 3.18609, 1.73253)

[node name="Left Arm_003" parent="MeshRoot/Robot/Armature/Skeleton3D" index="64"]
transform = Transform3D(0.28245, -0.116753, -0.952151, 0.946886, 0.192981, 0.257225, 0.153715, -0.974231, 0.16506, 2.10616, 3.15374, 1.54566)

[node name="Left Arm_002" parent="MeshRoot/Robot/Armature/Skeleton3D" index="65"]
transform = Transform3D(0.28215, -0.116495, -0.952271, 0.94711, 0.192, 0.257133, 0.152882, -0.974456, 0.164507, 2.06503, 3.12118, 1.35883)

[node name="Left Arm_001" parent="MeshRoot/Robot/Armature/Skeleton3D" index="66"]
transform = Transform3D(0.281928, -0.116368, -0.952352, 0.947296, 0.191164, 0.257073, 0.152141, -0.974636, 0.16413, 2.02395, 3.08845, 1.17202)

[node name="Left Arm" parent="MeshRoot/Robot/Armature/Skeleton3D" index="67"]
transform = Transform3D(0.284807, -0.115728, -0.951574, 0.94425, 0.204905, 0.257694, 0.16516, -0.971916, 0.167634, 1.98289, 3.05696, 0.985148)

[node name="Left Shoulder" parent="MeshRoot/Robot/Armature/Skeleton3D" index="68"]
transform = Transform3D(1, 1.36216e-05, 0.000387535, 8.62787e-05, 0.966579, -0.25637, -0.000378045, 0.25637, 0.966579, 0.00471413, 2.51341, 0.448688)

[node name="Finger End 1" parent="MeshRoot/Robot/Armature/Skeleton3D" index="69"]
transform = Transform3D(0.278733, 0.116444, 0.953283, -0.946927, 0.198805, 0.252591, -0.160104, -0.973096, 0.165677, -2.98994, 4.21211, 5.12931)

[node name="Finger Middle 1" parent="MeshRoot/Robot/Armature/Skeleton3D" index="70"]
transform = Transform3D(0.278733, 0.116444, 0.953283, -0.946927, 0.198805, 0.252591, -0.160104, -0.973096, 0.165677, -2.91895, 4.09549, 4.89868)

[node name="Finger Base 1" parent="MeshRoot/Robot/Armature/Skeleton3D" index="71"]
transform = Transform3D(0.278733, 0.116444, 0.953283, -0.946928, 0.198804, 0.252591, -0.160104, -0.973096, 0.165677, -2.84508, 3.97444, 4.65981)

[node name="Finger End 2" parent="MeshRoot/Robot/Armature/Skeleton3D" index="72"]
transform = Transform3D(0.278733, 0.116444, 0.953283, -0.946927, 0.198805, 0.252591, -0.160104, -0.973096, 0.165677, -2.93566, 3.92437, 5.25571)

[node name="Finger Middle 2" parent="MeshRoot/Robot/Armature/Skeleton3D" index="73"]
transform = Transform3D(0.278733, 0.116444, 0.953283, -0.946928, 0.198805, 0.252591, -0.160104, -0.973096, 0.165677, -2.87218, 3.84809, 5.00676)

[node name="Finger Base 2" parent="MeshRoot/Robot/Armature/Skeleton3D" index="74"]
transform = Transform3D(0.278733, 0.116444, 0.953283, -0.946928, 0.198804, 0.252591, -0.160103, -0.973096, 0.165677, -2.80764, 3.77161, 4.75778)

[node name="Finger End 3" parent="MeshRoot/Robot/Armature/Skeleton3D" index="75"]
transform = Transform3D(0.278733, 0.116444, 0.953283, -0.946928, 0.198804, 0.252591, -0.160104, -0.973096, 0.165677, -2.86557, 3.61673, 5.32145)

[node name="Finger Middle 3" parent="MeshRoot/Robot/Armature/Skeleton3D" index="76"]
transform = Transform3D(0.278733, 0.116444, 0.953283, -0.946928, 0.198804, 0.252591, -0.160104, -0.973096, 0.165677, -2.81311, 3.59024, 5.05996)

[node name="Finger Base 3" parent="MeshRoot/Robot/Armature/Skeleton3D" index="77"]
transform = Transform3D(0.278733, 0.116444, 0.953283, -0.946927, 0.198804, 0.252591, -0.160104, -0.973096, 0.165677, -2.75407, 3.55999, 4.77106)

[node name="Finger End 4" parent="MeshRoot/Robot/Armature/Skeleton3D" index="78"]
transform = Transform3D(0.278733, 0.116444, 0.953283, -0.946927, 0.198804, 0.252591, -0.160104, -0.973096, 0.165677, -2.68132, 3.17046, 4.94169)

[node name="Finger Base 4" parent="MeshRoot/Robot/Armature/Skeleton3D" index="79"]
transform = Transform3D(0.278732, 0.116444, 0.953283, -0.946927, 0.198804, 0.252591, -0.160103, -0.973096, 0.165677, -2.68037, 3.37533, 4.64798)

[node name="Right Hand" parent="MeshRoot/Robot/Armature/Skeleton3D" index="80"]
transform = Transform3D(0.277074, 0.117986, 0.953577, -0.947992, 0.195369, 0.251278, -0.156652, -0.973606, 0.165982, -2.80361, 3.69335, 4.86198)

[node name="Right Wrist Guard" parent="MeshRoot/Robot/Armature/Skeleton3D" index="81"]
transform = Transform3D(0.277074, 0.117986, 0.953577, -0.947992, 0.195369, 0.251278, -0.156652, -0.973606, 0.165982, -2.5783, 3.60411, 3.90817)

[node name="Right Arm_011" parent="MeshRoot/Robot/Armature/Skeleton3D" index="82"]
transform = Transform3D(-0.214593, -0.211283, 0.953577, 0.953664, 0.165479, 0.251278, -0.210888, 0.963315, 0.165982, -2.43142, 3.40633, 3.04258)

[node name="Right Arm_010" parent="MeshRoot/Robot/Armature/Skeleton3D" index="83"]
transform = Transform3D(-0.214594, -0.211283, 0.953577, 0.953664, 0.165479, 0.251278, -0.210888, 0.963315, 0.165982, -2.39043, 3.37422, 2.85565)

[node name="Right Arm_009" parent="MeshRoot/Robot/Armature/Skeleton3D" index="84"]
transform = Transform3D(-0.214445, -0.211587, 0.953543, 0.953546, 0.166117, 0.251306, -0.211573, 0.963138, 0.166136, -2.3494, 3.34205, 2.66874)

[node name="Right Arm_007" parent="MeshRoot/Robot/Armature/Skeleton3D" index="85"]
transform = Transform3D(-0.156345, -0.199574, 0.967329, 0.972448, 0.140355, 0.18613, -0.172916, 0.969778, 0.172132, -2.26766, 3.27744, 2.29477)

[node name="Right Arm_008" parent="MeshRoot/Robot/Armature/Skeleton3D" index="86"]
transform = Transform3D(-0.156345, -0.199574, 0.967329, 0.972448, 0.140355, 0.18613, -0.172916, 0.969778, 0.172132, -2.30638, 3.30467, 2.48295)

[node name="Right Arm_006" parent="MeshRoot/Robot/Armature/Skeleton3D" index="87"]
transform = Transform3D(-0.196823, -0.222509, 0.954856, 0.952271, 0.188385, 0.240189, -0.233325, 0.956556, 0.174811, -2.22869, 3.24738, 2.11848)

[node name="Right Arm_005" parent="MeshRoot/Robot/Armature/Skeleton3D" index="88"]
transform = Transform3D(-0.216726, -0.206803, 0.954077, 0.955338, 0.156185, 0.250867, -0.200893, 0.965835, 0.163717, -2.18394, 3.21127, 1.91909)

[node name="Right Arm_004" parent="MeshRoot/Robot/Armature/Skeleton3D" index="89"]
transform = Transform3D(-0.214216, -0.212158, 0.953468, 0.953385, 0.166973, 0.251351, -0.212529, 0.962865, 0.1665, -2.1433, 3.17993, 1.73198)

[node name="Right Arm_003" parent="MeshRoot/Robot/Armature/Skeleton3D" index="90"]
transform = Transform3D(-0.214133, -0.212261, 0.953463, 0.953319, 0.167341, 0.251355, -0.212907, 0.962778, 0.166519, -2.10212, 3.1475, 1.54514)

[node name="Right Arm_002" parent="MeshRoot/Robot/Armature/Skeleton3D" index="91"]
transform = Transform3D(-0.214052, -0.211856, 0.953572, 0.953249, 0.167862, 0.251273, -0.213303, 0.962777, 0.166021, -2.06097, 3.11498, 1.35831)

[node name="Right Arm_001" parent="MeshRoot/Robot/Armature/Skeleton3D" index="92"]
transform = Transform3D(-0.213779, -0.211641, 0.953681, 0.953026, 0.169244, 0.251191, -0.214567, 0.962582, 0.165519, -2.01988, 3.08227, 1.1715)

[node name="Right Arm" parent="MeshRoot/Robot/Armature/Skeleton3D" index="93"]
transform = Transform3D(-0.216057, -0.212274, 0.953026, 0.95476, 0.158337, 0.251717, -0.204333, 0.964297, 0.168461, -1.97876, 3.05049, 0.984598)

[node name="Right Shoulder" parent="MeshRoot/Robot/Armature/Skeleton3D" index="94"]
transform = Transform3D(1, 1.36624e-05, 0.00038753, 8.61282e-05, 0.966579, -0.25637, -0.000378081, 0.25637, 0.966579, 0.00471377, 2.51341, 0.448688)

[node name="Hips" parent="MeshRoot/Robot/Armature/Skeleton3D" index="95"]
transform = Transform3D(0.998041, 4.42389e-05, 0.0625564, 0.00865163, 0.990292, -0.138731, -0.0619553, 0.139, 0.988352, 0.00464276, -0.322942, -0.148072)

[node name="AnimationTree" type="AnimationTree" parent="MeshRoot"]
root_node = NodePath("../Robot")
tree_root = SubResource("AnimationNodeBlendTree_0fiv8")
anim_player = NodePath("../Robot/AnimationPlayer")
parameters/is_gliding/blend_amount = 0.0
parameters/jump/active = false
parameters/jump/internal_active = false
parameters/jump/request = 0
parameters/movement_anim_speed/scale = 1.0
parameters/movement_blend/blend_position = 0.0
parameters/on_floor_blend/blend_amount = 0.0

[node name="Glider" parent="MeshRoot" node_paths=PackedStringArray("player") instance=ExtResource("11_inerc")]
transform = Transform3D(0.2, 0, 0, 0, 0.2, 0, 0, 0, 0.2, 0, 0, 0)
script = ExtResource("12_sntr0")
player = NodePath("../..")

[node name="CamRoot" type="Node3D" parent="." node_paths=PackedStringArray("player")]
transform = Transform3D(1, 0, 0, 0, 1, 0, 0, 0, 1, 0, 0.869557, 0)
script = ExtResource("13_j0ncc")
player = NodePath("..")

[node name="CamYaw" type="Node3D" parent="CamRoot"]

[node name="CamPitch" type="Node3D" parent="CamRoot/CamYaw"]

[node name="SpringArm3D" type="SpringArm3D" parent="CamRoot/CamYaw/CamPitch" node_paths=PackedStringArray("player")]
shape = SubResource("SphereShape3D_fbxo0")
spring_length = -3.0
script = ExtResource("14_jlokr")
player = NodePath("../../../..")

[node name="Camera3D" type="Camera3D" parent="CamRoot/CamYaw/CamPitch/SpringArm3D"]
transform = Transform3D(-1, 0, -8.74228e-08, 0, 1, 0, 8.74228e-08, 0, -1, 0, 0, 0)
current = true

[node name="HurtOverlay" type="TextureRect" parent="."]
modulate = Color(1, 1, 1, 0)
anchors_preset = 15
anchor_right = 1.0
anchor_bottom = 1.0
grow_horizontal = 2
grow_vertical = 2
texture = ExtResource("15_4lvj7")
expand_mode = 1

[node name="SpeedOverlay" type="ColorRect" parent="."]
modulate = Color(1, 1, 1, 0)
material = SubResource("ShaderMaterial_5ddcd")
anchors_preset = 15
anchor_right = 1.0
anchor_bottom = 1.0
grow_horizontal = 2
grow_vertical = 2
color = Color(0, 0, 0, 1)

[node name="HealthBar" type="ProgressBar" parent="." node_paths=PackedStringArray("timer", "damage_bar")]
z_index = 1
offset_left = 8.0
offset_top = 14.0
offset_right = 248.0
offset_bottom = 54.0
theme_override_fonts/font = SubResource("FontVariation_364hi")
theme_override_styles/background = SubResource("StyleBoxEmpty_ai30p")
theme_override_styles/fill = SubResource("StyleBoxFlat_dxccx")
value = 60.0
script = ExtResource("17_ic8d8")
timer = NodePath("Timer")
damage_bar = NodePath("DamageBar")

[node name="DamageBar" type="ProgressBar" parent="HealthBar"]
z_index = -1
layout_mode = 1
anchors_preset = 15
anchor_right = 1.0
anchor_bottom = 1.0
grow_horizontal = 2
grow_vertical = 2
theme_override_styles/background = SubResource("StyleBoxFlat_5ofko")
theme_override_styles/fill = SubResource("StyleBoxFlat_q6b0o")
value = 80.0
show_percentage = false

[node name="Timer" type="Timer" parent="HealthBar"]
wait_time = 0.4
one_shot = true

[node name="GameOverScreen" parent="." instance=ExtResource("18_pn5pv")]
visible = false

[node name="FallDamage" type="AudioStreamPlayer" parent="."]
