[gd_scene load_steps=41 format=3 uid="uid://bd2s4wf2tu7sm"]

[ext_resource type="Script" path="res://Scenes/Models/Player/Player.gd" id="1_dvppb"]
[ext_resource type="Resource" uid="uid://c08l7gnjmjaqu" path="res://Scenes/Models/Player/MovementStates/run.tres" id="2_mml65"]
[ext_resource type="Resource" uid="uid://difpuuckqhvsv" path="res://Scenes/Models/Player/MovementStates/stand.tres" id="3_moa87"]
[ext_resource type="Resource" uid="uid://brvevs4yorhgf" path="res://Scenes/Models/Player/MovementStates/walk.tres" id="4_vttyl"]
[ext_resource type="Resource" uid="uid://bl52gdpkd3csn" path="res://Scenes/Models/Player/JumpStates/jump.tres" id="5_qm2u8"]
[ext_resource type="Resource" uid="uid://dnvfiisdtrht" path="res://Scenes/Models/Player/GlideStates/glide.tres" id="6_mtxa7"]
[ext_resource type="Script" path="res://Scenes/Models/Player/audio_controller.gd" id="7_7iij5"]
[ext_resource type="Script" path="res://Scenes/Models/Player/movement_controller.gd" id="8_j5sic"]
[ext_resource type="Script" path="res://Scenes/Models/Player/animation_controller.gd" id="9_eodew"]
[ext_resource type="PackedScene" uid="uid://bhdvfievnjoad" path="res://Scenes/Models/Player/Player.tscn" id="10_5kxhf"]
[ext_resource type="PackedScene" uid="uid://enjqiqwhpu7" path="res://Scenes/Models/Player/Glider.tscn" id="11_inerc"]
[ext_resource type="Script" path="res://Scenes/Models/Player/Glider.gd" id="12_sntr0"]
[ext_resource type="Script" path="res://Scenes/Models/Player/camera_controller.gd" id="13_j0ncc"]
[ext_resource type="Script" path="res://Scenes/Models/Player/SpringArm3D.gd" id="14_jlokr"]
[ext_resource type="Texture2D" uid="uid://dt0nnojl3rji0" path="res://Assets/Character/Textures/Damage Overlay.png" id="15_4lvj7"]
[ext_resource type="AudioStream" uid="uid://pt0u3r8i0vdg" path="res://Assets/Sound/Effects/damage.wav" id="16_0wh5x"]
[ext_resource type="Shader" path="res://Scenes/Models/Player/SpeedOverlay.gdshader" id="16_1v2vt"]
[ext_resource type="Script" path="res://Scenes/Models/Player/HealthBar.gd" id="17_ic8d8"]
[ext_resource type="AudioStream" uid="uid://0mnwvfvadsp4" path="res://Assets/Sound/Music/Song 1.wav" id="17_vstat"]

[sub_resource type="CapsuleShape3D" id="CapsuleShape3D_ny02q"]

[sub_resource type="AnimationNodeAnimation" id="AnimationNodeAnimation_uhh3q"]
animation = &"Falling"

[sub_resource type="AnimationNodeAnimation" id="AnimationNodeAnimation_4lju0"]
animation = &"Glide"

[sub_resource type="AnimationNodeAnimation" id="AnimationNodeAnimation_6t4by"]
animation = &"Jump"

[sub_resource type="AnimationNodeBlend2" id="AnimationNodeBlend2_p55mh"]

[sub_resource type="AnimationNodeOneShot" id="AnimationNodeOneShot_rmhht"]

[sub_resource type="AnimationNodeTimeScale" id="AnimationNodeTimeScale_qoddc"]

[sub_resource type="AnimationNodeAnimation" id="AnimationNodeAnimation_sivxs"]
animation = &"Idle"

[sub_resource type="AnimationNodeAnimation" id="AnimationNodeAnimation_wbm5n"]
animation = &"Walk"

[sub_resource type="AnimationNodeAnimation" id="AnimationNodeAnimation_ci5d5"]
animation = &"Running"

[sub_resource type="AnimationNodeBlendSpace1D" id="AnimationNodeBlendSpace1D_h2nin"]
blend_point_0/node = SubResource("AnimationNodeAnimation_sivxs")
blend_point_0/pos = 0.0
blend_point_1/node = SubResource("AnimationNodeAnimation_wbm5n")
blend_point_1/pos = 1.0
blend_point_2/node = SubResource("AnimationNodeAnimation_ci5d5")
blend_point_2/pos = 2.0
min_space = 0.0
max_space = 3.0
snap = 1.0

[sub_resource type="AnimationNodeBlend2" id="AnimationNodeBlend2_gxhi5"]

[sub_resource type="AnimationNodeBlendTree" id="AnimationNodeBlendTree_0fiv8"]
graph_offset = Vector2(39.6885, 312.508)
nodes/Animation/node = SubResource("AnimationNodeAnimation_6t4by")
nodes/Animation/position = Vector2(400, 400)
"nodes/Animation 2/node" = SubResource("AnimationNodeAnimation_uhh3q")
"nodes/Animation 2/position" = Vector2(120, 620)
"nodes/Animation 3/node" = SubResource("AnimationNodeAnimation_4lju0")
"nodes/Animation 3/position" = Vector2(140, 740)
nodes/is_gliding/node = SubResource("AnimationNodeBlend2_p55mh")
nodes/is_gliding/position = Vector2(660, 580)
nodes/jump/node = SubResource("AnimationNodeOneShot_rmhht")
nodes/jump/position = Vector2(1200, 520)
nodes/movement_anim_speed/node = SubResource("AnimationNodeTimeScale_qoddc")
nodes/movement_anim_speed/position = Vector2(660, 1000)
nodes/movement_blend/node = SubResource("AnimationNodeBlendSpace1D_h2nin")
nodes/movement_blend/position = Vector2(400, 1040)
nodes/on_floor_blend/node = SubResource("AnimationNodeBlend2_gxhi5")
nodes/on_floor_blend/position = Vector2(1580, 720)
nodes/output/position = Vector2(1860, 660)
node_connections = [&"is_gliding", 0, &"Animation 2", &"is_gliding", 1, &"Animation 3", &"jump", 0, &"movement_anim_speed", &"jump", 1, &"Animation", &"movement_anim_speed", 0, &"movement_blend", &"on_floor_blend", 0, &"is_gliding", &"on_floor_blend", 1, &"jump", &"output", 0, &"on_floor_blend"]

[sub_resource type="SphereShape3D" id="SphereShape3D_fbxo0"]
radius = 0.07

[sub_resource type="FastNoiseLite" id="FastNoiseLite_aw0s0"]

[sub_resource type="NoiseTexture2D" id="NoiseTexture2D_ow4ag"]
width = 1024
height = 1024
noise = SubResource("FastNoiseLite_aw0s0")

[sub_resource type="ShaderMaterial" id="ShaderMaterial_5ddcd"]
shader = ExtResource("16_1v2vt")
shader_parameter/line_color = Color(0.509286, 0.509286, 0.509286, 1)
shader_parameter/line_count = 2.0
shader_parameter/line_density = 0.135
shader_parameter/line_falloff = 0.827
shader_parameter/mask_size = 0.299
shader_parameter/mask_edge = 0.367
shader_parameter/animation_speed = 3.74
shader_parameter/noise = SubResource("NoiseTexture2D_ow4ag")

[sub_resource type="StyleBoxEmpty" id="StyleBoxEmpty_ai30p"]

[sub_resource type="StyleBoxFlat" id="StyleBoxFlat_dxccx"]
bg_color = Color(0.452292, 0.663102, 0.44814, 1)

[sub_resource type="StyleBoxFlat" id="StyleBoxFlat_5ofko"]
bg_color = Color(0.262932, 0.262932, 0.262932, 1)
expand_margin_left = 5.0
expand_margin_top = 5.0
expand_margin_right = 5.0
expand_margin_bottom = 5.0
shadow_color = Color(0, 0, 0, 0.27451)
shadow_offset = Vector2(0, 1)

[sub_resource type="StyleBoxFlat" id="StyleBoxFlat_q6b0o"]
bg_color = Color(0.811075, 0.856637, 0.833661, 1)

[node name="Player" type="CharacterBody3D"]
transform = Transform3D(1, 0, 0, 0, 1, 0, 0, 0, 1, 0, 1, 0)
script = ExtResource("1_dvppb")
movement_states = {
"run": ExtResource("2_mml65"),
"stand": ExtResource("3_moa87"),
"walk": ExtResource("4_vttyl")
}
jump_states = {
"jump": ExtResource("5_qm2u8")
}
glide_states = {
"glide": ExtResource("6_mtxa7")
}

[node name="AudioController" type="Node" parent="." node_paths=PackedStringArray("fall_damage_player", "main_song", "sound_effects", "player")]
script = ExtResource("7_7iij5")
fall_damage_player = NodePath("../FallDamage")
main_song = NodePath("../Main Song")
sound_effects = NodePath("../SoundEffects")
player = NodePath("..")

[node name="MovementController" type="Node" parent="." node_paths=PackedStringArray("player", "mesh_root", "hurt_overlay", "speed_overlay", "health_bar")]
script = ExtResource("8_j5sic")
player = NodePath("..")
mesh_root = NodePath("../MeshRoot")
hurt_overlay = NodePath("../HurtOverlay")
speed_overlay = NodePath("../SpeedOverlay")
health_bar = NodePath("../HealthBar")
glide_states = {
"glide": ExtResource("6_mtxa7")
}

[node name="AnimationController" type="Node" parent="." node_paths=PackedStringArray("animation_tree", "player")]
script = ExtResource("9_eodew")
animation_tree = NodePath("../MeshRoot/AnimationTree")
player = NodePath("..")

[node name="CollisionShape3D" type="CollisionShape3D" parent="."]
shape = SubResource("CapsuleShape3D_ny02q")

[node name="MeshRoot" type="Node3D" parent="."]

[node name="Robot" parent="MeshRoot" instance=ExtResource("10_5kxhf")]
transform = Transform3D(1, 0, 0, 0, 1, 0, 0, 0, 1, 0, -1.02912, 0)

[node name="Skeleton3D" parent="MeshRoot/Robot/Armature" index="0"]
bones/1/position = Vector3(2.455, 8.73081, 3.16529)
bones/3/position = Vector3(-2.46437, 8.73081, 3.16529)
bones/5/position = Vector3(0, 5.70156, 0)
bones/5/rotation = Quaternion(0.0703003, 0, 0, 0.997526)
bones/7/rotation = Quaternion(-0.446685, 0.0894448, 0.0559186, 0.888451)
bones/8/rotation = Quaternion(8.74155e-08, 1.19373e-07, -0.0949422, 0.995483)
bones/9/rotation = Quaternion(3.50383e-08, -2.36564e-07, -0.0702559, 0.997529)
bones/10/rotation = Quaternion(2.13686e-08, 2.37459e-07, -0.0419263, 0.999121)
bones/11/rotation = Quaternion(-1.17175e-05, -0.0019178, -0.0061122, 0.999979)
bones/12/rotation = Quaternion(6.10948e-05, 0.00191675, 0.0318659, 0.99949)
bones/13/rotation = Quaternion(-4.34678e-08, 1.18435e-07, 0.0726285, 0.997359)
bones/14/rotation = Quaternion(-1.18971e-07, 3.54468e-07, 0.110809, 0.993842)
bones/15/rotation = Quaternion(0.00126028, -0.0090404, 0.138086, 0.990378)
bones/16/rotation = Quaternion(0.00206342, 0.00889104, 0.226072, 0.974068)
bones/31/position = Vector3(-1.19904, 2.98768, -2.19949)
bones/32/position = Vector3(0.0409813, -0.261409, -5.76169e-05)
bones/32/rotation = Quaternion(0.000113419, 0.000698987, 0.160203, 0.987084)
bones/42/position = Vector3(-2.74072, 2.21723, -1.56539)
bones/43/position = Vector3(-0.0409653, -0.261383, -5.77883e-05)
bones/43/rotation = Quaternion(-0.000157933, -0.000690231, 0.223101, 0.974795)
bones/52/rotation = Quaternion(-0.377735, 0.257772, 0.529001, 0.714862)
bones/53/rotation = Quaternion(4.44732e-08, -1.03036e-07, 0.106421, 0.994321)
bones/54/rotation = Quaternion(4.2984e-08, 2.38174e-07, 0.0791058, 0.996866)
bones/55/rotation = Quaternion(2.49225e-08, -2.38839e-07, 0.0473297, 0.998879)
bones/56/rotation = Quaternion(-1.3819e-05, 0.00191779, 0.00720692, 0.999972)
bones/57/rotation = Quaternion(6.88113e-05, -0.00191648, -0.0358931, 0.999354)
bones/58/rotation = Quaternion(-5.71372e-08, -1.19607e-07, -0.0817153, 0.996656)
bones/59/rotation = Quaternion(-1.42831e-07, -3.55148e-07, -0.123319, 0.992367)
bones/60/rotation = Quaternion(0.00139317, 0.00902087, -0.152647, 0.988239)
bones/61/rotation = Quaternion(0.00221937, -0.00885338, -0.243159, 0.969943)
bones/76/rotation = Quaternion(0.0592395, -0.000235748, 0.00724406, 0.998218)
bones/79/rotation = Quaternion(0.208359, 1.9207e-06, 8.58055e-05, 0.978052)
bones/87/rotation = Quaternion(-0.000896317, 0.00168269, -0.717235, 0.696829)
bones/88/rotation = Quaternion(-0.00494084, 7.14921e-05, 0.297733, 0.954636)
bones/89/rotation = Quaternion(0.521088, -0.428821, -0.105369, 0.730395)
bones/90/rotation = Quaternion(-0.00207246, -0.00334011, -0.00783028, 0.999962)
bones/91/rotation = Quaternion(0.00182163, 2.00848e-07, 0.00680353, 0.999975)
bones/92/rotation = Quaternion(-0.000194959, 4.84237e-06, -0.000390787, 1)
bones/93/rotation = Quaternion(-0.000286623, 4.71048e-06, -0.000444881, 1)
bones/94/rotation = Quaternion(5.61461e-05, -1.05998e-07, -0.000615754, 1)
bones/95/rotation = Quaternion(0.00155009, -2.91675e-06, -0.00580586, 0.999982)
bones/96/rotation = Quaternion(-0.00497294, 0.000658843, 0.0190801, 0.999805)
bones/97/rotation = Quaternion(0.00869774, 0.0397979, -0.0283107, 0.998769)
bones/98/rotation = Quaternion(-0.00666238, -0.04047, 0.0217891, 0.998921)
bones/99/rotation = Quaternion(0.00171292, -3.04611e-07, -0.00655342, 0.999977)
bones/100/rotation = Quaternion(0.000179275, -2.51457e-08, -0.000698349, 1)
bones/102/rotation = Quaternion(-6.28291e-09, -7.81915e-08, 0.00604859, 0.999982)
bones/105/rotation = Quaternion(-6.62427e-10, 1.44506e-07, 0.00087978, 1)
bones/109/rotation = Quaternion(-8.77514e-08, 3.3197e-07, 0.0640607, 0.997946)
bones/110/rotation = Quaternion(1.39102e-08, -8.02659e-08, -0.00846498, 0.999964)
bones/111/rotation = Quaternion(-1.23116e-10, 1.42563e-07, 3.92348e-05, 1)
bones/115/rotation = Quaternion(5.14655e-08, 4.24464e-07, -0.0351677, 0.999381)
bones/121/rotation = Quaternion(7.624e-07, 8.13779e-07, -0.396704, 0.917946)
bones/122/rotation = Quaternion(2.39691e-09, -5.35418e-08, -0.0011728, 0.999999)
bones/140/rotation = Quaternion(-0.00108472, -0.00157224, 0.707184, 0.707027)
bones/141/rotation = Quaternion(-0.00484098, -0.000232663, -0.297911, 0.954581)
bones/142/rotation = Quaternion(0.520926, 0.428452, 0.105919, 0.730648)
bones/143/rotation = Quaternion(-0.00161217, 0.000125805, 0.00566776, 0.999983)
bones/144/rotation = Quaternion(0.00152979, -1.66975e-07, -0.0053136, 0.999985)
bones/145/rotation = Quaternion(-0.000259948, -4.92711e-06, 0.000656254, 1)
bones/146/rotation = Quaternion(-0.00025809, -4.8241e-06, 0.000205244, 1)
bones/147/rotation = Quaternion(9.99786e-06, 2.00035e-07, 0.000196448, 1)
bones/148/rotation = Quaternion(0.00144456, 3.05097e-06, 0.00603126, 0.999981)
bones/149/rotation = Quaternion(-0.0042737, -0.00641461, -0.0179905, 0.999808)
bones/150/rotation = Quaternion(0.00728551, -0.0268001, 0.0264981, 0.999263)
bones/151/rotation = Quaternion(-0.00563094, 0.0332222, -0.0210139, 0.999211)
bones/152/rotation = Quaternion(0.00160057, 3.19791e-07, 0.00690656, 0.999975)
bones/153/rotation = Quaternion(7.9737e-05, 2.70083e-08, 0.000355281, 1)
bones/155/rotation = Quaternion(-6.09949e-09, 7.80795e-08, -0.0060486, 0.999982)
bones/156/rotation = Quaternion(-1.56508e-07, -1.89241e-07, -0.133093, 0.991104)
bones/157/rotation = Quaternion(-1.45058e-08, -2.28915e-08, -0.00825755, 0.999966)
bones/158/rotation = Quaternion(-6.41562e-10, -1.4453e-07, -0.00087978, 1)
bones/162/rotation = Quaternion(-8.27381e-08, -3.3349e-07, -0.0640607, 0.997946)
bones/168/rotation = Quaternion(4.92962e-08, -4.23882e-07, 0.0351676, 0.999381)
bones/169/rotation = Quaternion(1.06161e-08, -8.55839e-08, 0.00496715, 0.999988)
bones/170/rotation = Quaternion(1.42861e-08, -3.03825e-08, 0.00712437, 0.999975)
bones/174/rotation = Quaternion(7.5165e-07, -8.11006e-07, 0.396704, 0.917946)
bones/175/rotation = Quaternion(1.22299e-10, 5.35334e-08, 0.00117277, 0.999999)

[node name="Lower Left Leg" parent="MeshRoot/Robot/Armature/Skeleton3D" index="0"]
transform = Transform3D(0.998281, -0.0249023, -0.0530621, -0.03036, 0.554697, -0.831498, 0.0501394, 0.83168, 0.552987, 0.921652, -2.87481, -1.16407)

[node name="Left Leg Joint Cutouts" parent="MeshRoot/Robot/Armature/Skeleton3D" index="1"]
transform = Transform3D(0.998281, -0.0249023, -0.0530621, -0.03036, 0.554697, -0.831498, 0.0501394, 0.83168, 0.552987, 0.902625, -2.37441, -0.534285)

[node name="Lower Left Leg Joint" parent="MeshRoot/Robot/Armature/Skeleton3D" index="2"]
transform = Transform3D(0.998281, -0.0249023, -0.0530621, -0.03036, 0.554697, -0.831498, 0.0501394, 0.83168, 0.552987, 0.910599, -2.28689, -0.410436)

[node name="Lower Left Leg Joint" parent="MeshRoot/Robot/Armature/Skeleton3D/Lower Left Leg Joint" index="0"]
transform = Transform3D(1, -3.72529e-09, -3.72529e-09, -1.86265e-09, 1, -2.98023e-08, 0, -2.98023e-08, 1, 0, 0, 0)

[node name="Lower Left Leg Light" parent="MeshRoot/Robot/Armature/Skeleton3D" index="3"]
transform = Transform3D(0.998281, -0.0249023, -0.0530621, -0.03036, 0.554697, -0.831498, 0.0501394, 0.83168, 0.552987, 1.21391, -2.63189, -1.12742)

[node name="Limb Segment_018" parent="MeshRoot/Robot/Armature/Skeleton3D" index="4"]
transform = Transform3D(0.998102, -0.018893, 0.0586071, -0.0458334, -0.863548, 0.502179, 0.0411222, -0.503912, -0.862776, 0.918821, -1.4067, 0.182502)

[node name="Limb Segment_017" parent="MeshRoot/Robot/Armature/Skeleton3D" index="5"]
transform = Transform3D(0.998285, -0.0167324, 0.0560934, -0.0300935, -0.968643, 0.246628, 0.0502076, -0.247893, -0.967486, 0.917284, -1.33293, 0.000270016)

[node name="Limb Segment_016" parent="MeshRoot/Robot/Armature/Skeleton3D" index="6"]
transform = Transform3D(0.996796, -0.061643, 0.0509693, -0.0630872, -0.997637, 0.0272254, 0.0491704, -0.0303537, -0.998329, 0.939345, -1.31921, -0.106758)

[node name="Limb Segment_015" parent="MeshRoot/Robot/Armature/Skeleton3D" index="7"]
transform = Transform3D(0.998171, -0.0389396, 0.0462396, -0.0332599, -0.992478, -0.117815, 0.0504792, 0.116062, -0.991959, 0.933433, -1.32155, -0.144729)

[node name="Limb Segment_014" parent="MeshRoot/Robot/Armature/Skeleton3D" index="8"]
transform = Transform3D(0.997879, -0.0481072, 0.0438505, -0.0394318, -0.982729, -0.180802, 0.0517908, 0.178689, -0.982542, 0.933763, -1.32246, -0.14705)

[node name="Limb Segment_013" parent="MeshRoot/Robot/Armature/Skeleton3D" index="9"]
transform = Transform3D(0.997571, -0.0537406, 0.0443226, -0.0455435, -0.984603, -0.168771, 0.0527098, 0.166343, -0.984658, 0.932807, -1.3233, -0.149003)

[node name="Limb Segment_012" parent="MeshRoot/Robot/Armature/Skeleton3D" index="10"]
transform = Transform3D(0.997731, -0.019325, 0.064497, -0.0137263, -0.996188, -0.0861482, 0.0659157, 0.0850675, -0.994193, 0.944928, -1.3275, -0.177405)

[node name="Limb Segment_011" parent="MeshRoot/Robot/Armature/Skeleton3D" index="11"]
transform = Transform3D(0.998487, -0.0430485, 0.0342207, -0.0449, -0.997459, 0.0553144, 0.0317522, -0.0567671, -0.997883, 0.93279, -1.32843, -0.250077)

[node name="Limb Segment_003" parent="MeshRoot/Robot/Armature/Skeleton3D" index="12"]
transform = Transform3D(0.996997, -0.0113721, 0.0766052, -0.0296402, -0.969879, 0.24178, 0.0715479, -0.243324, -0.967303, 0.953872, -1.31019, -0.373733)

[node name="Left Foot" parent="MeshRoot/Robot/Armature/Skeleton3D" index="13"]
transform = Transform3D(0.999982, -1.57114e-06, 0.00605715, 0.00176242, 0.956804, -0.290729, -0.00579531, 0.290735, 0.956786, 0.925029, -3.73386, -1.30953)

[node name="Foot_005" parent="MeshRoot/Robot/Armature/Skeleton3D" index="14"]
transform = Transform3D(0.999982, -1.57114e-06, 0.00605715, 0.00176242, 0.956804, -0.290729, -0.00579531, 0.290735, 0.956786, 0.940109, -3.09449, -1.41498)

[node name="Foot_006" parent="MeshRoot/Robot/Armature/Skeleton3D" index="15"]
transform = Transform3D(0.999982, -1.57114e-06, 0.00605715, 0.00176242, 0.956804, -0.290729, -0.00579531, 0.290735, 0.956786, 0.943911, -4.17143, -1.08654)

[node name="Foot_007" parent="MeshRoot/Robot/Armature/Skeleton3D" index="16"]
transform = Transform3D(0.999982, -1.57114e-06, 0.00605715, 0.00176242, 0.956804, -0.290729, -0.00579531, 0.290735, 0.956786, 0.936816, -3.83088, -2.20729)

[node name="Left Foot Joint" parent="MeshRoot/Robot/Armature/Skeleton3D" index="17"]
transform = Transform3D(0.999982, -1.57114e-06, 0.00605715, 0.00176242, 0.956804, -0.290729, -0.00579531, 0.290735, 0.956786, 1.36246, -3.36763, -1.48596)

[node name="Right Foot" parent="MeshRoot/Robot/Armature/Skeleton3D" index="18"]
transform = Transform3D(0.999962, 3.62052e-07, -0.00872141, 0.00400236, 0.888474, 0.45891, 0.00774903, -0.458927, 0.88844, -0.916612, -2.52763, 2.8835)

[node name="Foot" parent="MeshRoot/Robot/Armature/Skeleton3D" index="19"]
transform = Transform3D(0.999962, 3.62052e-07, -0.00872141, 0.00400236, 0.888474, 0.45891, 0.00774903, -0.458927, 0.88844, -0.93093, -2.14298, 2.36199)

[node name="Foot_001" parent="MeshRoot/Robot/Armature/Skeleton3D" index="20"]
transform = Transform3D(0.999962, 3.62052e-07, -0.00872141, 0.00400236, 0.888474, 0.45891, 0.00774903, -0.458927, 0.88844, -0.936401, -2.68574, 3.34844)

[node name="Foot_002" parent="MeshRoot/Robot/Armature/Skeleton3D" index="21"]
transform = Transform3D(0.999962, 3.62052e-07, -0.00872141, 0.00400236, 0.888474, 0.45891, 0.00774903, -0.458927, 0.88844, -0.926185, -3.22329, 2.30775)

[node name="Right Foot Joint" parent="MeshRoot/Robot/Armature/Skeleton3D" index="22"]
transform = Transform3D(0.999962, 3.62052e-07, -0.00872141, 0.00400236, 0.888474, 0.45891, 0.00774903, -0.458927, 0.88844, -1.35331, -2.38875, 2.50062)

[node name="Lower Right Leg" parent="MeshRoot/Robot/Armature/Skeleton3D" index="23"]
transform = Transform3D(0.999118, -0.0190839, -0.0374194, 0.0319376, 0.923766, 0.381624, 0.027284, -0.382482, 0.92356, -0.951162, -1.81164, 1.94291)

[node name="Lower Right Leg Joint" parent="MeshRoot/Robot/Armature/Skeleton3D" index="24"]
transform = Transform3D(0.999118, -0.0190839, -0.0374194, 0.0319376, 0.923766, 0.381624, 0.027284, -0.382482, 0.92356, -0.975571, -0.958711, 1.51204)

[node name="Lower Right Leg Light" parent="MeshRoot/Robot/Armature/Skeleton3D" index="25"]
transform = Transform3D(0.999118, -0.0190839, -0.0374194, 0.0319376, 0.923766, 0.381624, 0.027284, -0.382482, 0.92356, -1.23276, -1.75015, 1.69253)

[node name="Right Leg Joint Cutouts" parent="MeshRoot/Robot/Armature/Skeleton3D" index="26"]
transform = Transform3D(0.999118, -0.0190839, -0.0374194, 0.0319376, 0.923766, 0.381624, 0.027284, -0.382482, 0.92356, -0.961357, -1.09636, 1.57459)

[node name="Limb Segment_010" parent="MeshRoot/Robot/Armature/Skeleton3D" index="27"]
transform = Transform3D(-0.998972, 0.0170679, -0.0419959, -0.0432949, -0.633817, 0.77227, -0.0134368, 0.773295, 0.633904, -0.989119, -0.229714, 0.74268)

[node name="Limb Segment_009" parent="MeshRoot/Robot/Armature/Skeleton3D" index="28"]
transform = Transform3D(-0.999114, -0.0137338, -0.0397906, -0.0318353, -0.371912, 0.927722, -0.0275398, 0.928167, 0.371145, -0.967228, -0.416219, 0.63304)

[node name="Limb Segment_008" parent="MeshRoot/Robot/Armature/Skeleton3D" index="29"]
transform = Transform3D(-0.999328, 0.00996572, -0.0352856, -0.0362956, -0.132409, 0.99053, 0.00519912, 0.991145, 0.132682, -0.978886, -0.534086, 0.601815)

[node name="Limb Segment_007" parent="MeshRoot/Robot/Armature/Skeleton3D" index="30"]
transform = Transform3D(-0.999196, -0.0253124, -0.0311031, -0.031851, 0.0296907, 0.999052, -0.0243651, 0.999239, -0.0304731, -0.969741, -0.576344, 0.600681)

[node name="Limb Segment_006" parent="MeshRoot/Robot/Armature/Skeleton3D" index="31"]
transform = Transform3D(-0.999356, -0.0211678, -0.0289972, -0.0310018, 0.101484, 0.994354, -0.0181057, 0.994612, -0.102075, -0.969912, -0.57912, 0.601219)

[node name="Limb Segment_005" parent="MeshRoot/Robot/Armature/Skeleton3D" index="32"]
transform = Transform3D(-0.999461, -0.0145638, -0.029432, -0.0305943, 0.0873328, 0.995709, -0.0119311, 0.996073, -0.0877313, -0.968835, -0.581408, 0.601964)

[node name="Limb Segment_004" parent="MeshRoot/Robot/Armature/Skeleton3D" index="33"]
transform = Transform3D(-0.999168, -0.0251202, -0.0321357, -0.0319536, -0.00762432, 0.99946, -0.0253517, 0.999656, 0.00681526, -0.972566, -0.614748, 0.603838)

[node name="Limb Segment_001" parent="MeshRoot/Robot/Armature/Skeleton3D" index="34"]
transform = Transform3D(-0.999072, -0.023654, -0.0359996, -0.0316062, -0.165285, 0.985739, -0.0292669, 0.985962, 0.164383, -0.97183, -0.695176, 0.597315)

[node name="Limb Segment_002" parent="MeshRoot/Robot/Armature/Skeleton3D" index="35"]
transform = Transform3D(-0.999209, 0.00119077, -0.0397643, -0.0373889, -0.369583, 0.928445, -0.0135907, 0.929197, 0.369335, -0.955329, -0.831055, 0.560077)

[node name="Head_2" parent="MeshRoot/Robot/Armature/Skeleton3D" index="36"]
transform = Transform3D(1, 3.57839e-06, 0.000387767, 0.000240757, 0.778164, -0.628062, -0.000303994, 0.628062, 0.778164, 0.00482485, 4.08777, 1.52919)

[node name="Inner Eye Lights" parent="MeshRoot/Robot/Armature/Skeleton3D" index="37"]
transform = Transform3D(1, 0.000387767, -3.57839e-06, 0.000240757, -0.628062, -0.778164, -0.000303994, 0.778164, -0.628062, 0.00501836, 3.82513, 1.94815)

[node name="Lights 2" parent="MeshRoot/Robot/Armature/Skeleton3D" index="38"]
transform = Transform3D(1, 0.000387767, -3.57839e-06, 0.000240757, -0.628062, -0.778164, -0.000303994, 0.778164, -0.628062, 0.00500979, 3.82806, 1.92289)

[node name="Right Arm_012" parent="MeshRoot/Robot/Armature/Skeleton3D" index="39"]
transform = Transform3D(1, 1.3768e-05, 0.000387533, 8.60442e-05, 0.966578, -0.25637, -0.000378111, 0.25637, 0.966579, -0.0203262, 3.46228, 0.673417)

[node name="Main Body_2" parent="MeshRoot/Robot/Armature/Skeleton3D" index="40"]
transform = Transform3D(0.999587, 2.57424e-05, -0.0287259, -0.0073659, 0.966795, -0.255448, 0.0277655, 0.255554, 0.966396, 0.00471405, 2.51341, 0.448688)

[node name="Reactor Casing" parent="MeshRoot/Robot/Armature/Skeleton3D" index="41"]
transform = Transform3D(0.999587, 2.57424e-05, -0.0287259, -0.0073659, 0.966795, -0.255448, 0.0277655, 0.255554, 0.966396, -0.040391, 2.1839, 1.98511)

[node name="Reactor" parent="MeshRoot/Robot/Armature/Skeleton3D" index="42"]
transform = Transform3D(0.999587, 2.57424e-05, -0.0287259, -0.0073659, 0.966795, -0.255448, 0.0277655, 0.255554, 0.966396, -0.0421835, 2.19392, 2.0523)

[node name="Finger End 1_001" parent="MeshRoot/Robot/Armature/Skeleton3D" index="43"]
transform = Transform3D(0.226122, -0.134214, -0.964809, 0.969442, 0.127747, 0.209436, 0.0951419, -0.982685, 0.158999, 2.98606, 4.57089, 5.02015)

[node name="Finger Middle 1_001" parent="MeshRoot/Robot/Armature/Skeleton3D" index="44"]
transform = Transform3D(0.226122, -0.134214, -0.964809, 0.969441, 0.127747, 0.209436, 0.0951422, -0.982684, 0.158999, 2.92014, 4.43562, 4.79837)

[node name="Finger Base 1_001" parent="MeshRoot/Robot/Armature/Skeleton3D" index="45"]
transform = Transform3D(0.226121, -0.134214, -0.964809, 0.969441, 0.127746, 0.209436, 0.0951406, -0.982684, 0.158999, 2.85206, 4.29512, 4.56861)

[node name="Finger End 2_001" parent="MeshRoot/Robot/Armature/Skeleton3D" index="46"]
transform = Transform3D(0.226121, -0.134214, -0.964809, 0.969442, 0.127746, 0.209436, 0.095141, -0.982684, 0.158999, 2.94894, 4.28949, 5.16559)

[node name="Finger Middle 2_001" parent="MeshRoot/Robot/Armature/Skeleton3D" index="47"]
transform = Transform3D(0.226121, -0.134214, -0.964809, 0.969441, 0.127746, 0.209436, 0.0951414, -0.982684, 0.158999, 2.88812, 4.19362, 4.92282)

[node name="Finger Base 2_001" parent="MeshRoot/Robot/Armature/Skeleton3D" index="48"]
transform = Transform3D(0.226122, -0.134214, -0.964809, 0.969441, 0.127747, 0.209436, 0.0951424, -0.982684, 0.158999, 2.8281, 4.09709, 4.67974)

[node name="Finger End 3_001" parent="MeshRoot/Robot/Armature/Skeleton3D" index="49"]
transform = Transform3D(0.227858, -0.133862, -0.964449, 0.968685, 0.131504, 0.210607, 0.0986362, -0.982236, 0.159634, 2.89779, 3.99038, 5.25109)

[node name="Finger Middle 3_001" parent="MeshRoot/Robot/Armature/Skeleton3D" index="50"]
transform = Transform3D(0.227859, -0.133862, -0.964449, 0.968687, 0.131505, 0.210606, 0.0986379, -0.982237, 0.159634, 2.84493, 3.94293, 4.99266)

[node name="Finger Base 3_001" parent="MeshRoot/Robot/Armature/Skeleton3D" index="51"]
transform = Transform3D(0.227858, -0.133861, -0.964449, 0.968685, 0.131505, 0.210606, 0.0986378, -0.982236, 0.159634, 2.78701, 3.88915, 4.70698)

[node name="Finger End 4_001" parent="MeshRoot/Robot/Armature/Skeleton3D" index="52"]
transform = Transform3D(0.227858, -0.133862, -0.964449, 0.968685, 0.131504, 0.210607, 0.0986362, -0.982236, 0.159634, 2.73581, 3.50934, 4.90513)

[node name="Finger Base 4_001" parent="MeshRoot/Robot/Armature/Skeleton3D" index="53"]
transform = Transform3D(0.227858, -0.133862, -0.964449, 0.968685, 0.131504, 0.210607, 0.0986371, -0.982236, 0.159634, 2.72899, 3.69125, 4.59675)

[node name="Left Hand_001" parent="MeshRoot/Robot/Armature/Skeleton3D" index="54"]
transform = Transform3D(0.22711, -0.134289, -0.964566, 0.969496, 0.124932, 0.210877, 0.092186, -0.983035, 0.158566, 2.79172, 4.03625, 4.78426)

[node name="Left Wrist Guard" parent="MeshRoot/Robot/Armature/Skeleton3D" index="55"]
transform = Transform3D(0.22711, -0.134289, -0.964566, 0.969496, 0.124932, 0.210877, 0.092186, -0.983035, 0.158566, 2.56592, 3.86661, 3.85219)

[node name="Left Arm_011" parent="MeshRoot/Robot/Armature/Skeleton3D" index="56"]
transform = Transform3D(0.22711, -0.134289, -0.964566, 0.969496, 0.124932, 0.210877, 0.0921864, -0.983035, 0.158566, 2.42639, 3.60488, 3.00237)

[node name="Left Arm_010" parent="MeshRoot/Robot/Armature/Skeleton3D" index="57"]
transform = Transform3D(0.22711, -0.134289, -0.964566, 0.969496, 0.124932, 0.210877, 0.0921864, -0.983035, 0.158566, 2.386, 3.55852, 2.81832)

[node name="Left Arm_009" parent="MeshRoot/Robot/Armature/Skeleton3D" index="58"]
transform = Transform3D(0.227051, -0.134927, -0.964491, 0.969641, 0.123648, 0.210966, 0.0907921, -0.98311, 0.158905, 2.34555, 3.51205, 2.63431)

[node name="Left Arm_008" parent="MeshRoot/Robot/Armature/Skeleton3D" index="59"]
transform = Transform3D(0.226479, -0.140962, -0.963762, 0.970912, 0.111602, 0.211836, 0.0776966, -0.983705, 0.162138, 2.30456, 3.46438, 2.45077)

[node name="Left Arm_007" parent="MeshRoot/Robot/Armature/Skeleton3D" index="60"]
transform = Transform3D(0.155094, -0.150063, -0.976436, 0.978796, 0.157212, 0.131307, 0.133803, -0.976097, 0.171264, 2.26471, 3.41923, 2.26633)

[node name="Left Arm_006" parent="MeshRoot/Robot/Armature/Skeleton3D" index="61"]
transform = Transform3D(0.224648, -0.14756, -0.963202, 0.97229, 0.0995602, 0.211516, 0.0646851, -0.984029, 0.165838, 2.22645, 3.37538, 2.09167)

[node name="Left Arm_005" parent="MeshRoot/Robot/Armature/Skeleton3D" index="62"]
transform = Transform3D(0.227526, -0.129561, -0.965114, 0.96835, 0.134548, 0.210227, 0.102617, -0.982401, 0.156073, 2.18265, 3.32413, 1.89701)

[node name="Left Arm_004" parent="MeshRoot/Robot/Armature/Skeleton3D" index="63"]
transform = Transform3D(0.227104, -0.134977, -0.964471, 0.969607, 0.1239, 0.210973, 0.0910214, -0.983072, 0.159013, 2.14261, 3.27862, 1.71263)

[node name="Left Arm_003" parent="MeshRoot/Robot/Armature/Skeleton3D" index="64"]
transform = Transform3D(0.226979, -0.135356, -0.964448, 0.96975, 0.12273, 0.211002, 0.0898058, -0.983166, 0.159119, 2.10207, 3.23196, 1.52868)

[node name="Left Arm_002" parent="MeshRoot/Robot/Armature/Skeleton3D" index="65"]
transform = Transform3D(0.22666, -0.135042, -0.964567, 0.969902, 0.121754, 0.210868, 0.0889636, -0.983331, 0.158574, 2.06153, 3.18509, 1.34478)

[node name="Left Arm_001" parent="MeshRoot/Robot/Armature/Skeleton3D" index="66"]
transform = Transform3D(0.226422, -0.134867, -0.964647, 0.970026, 0.120917, 0.210779, 0.0882148, -0.983458, 0.158203, 2.02106, 3.13805, 1.16091)

[node name="Left Arm" parent="MeshRoot/Robot/Armature/Skeleton3D" index="67"]
transform = Transform3D(0.229574, -0.135022, -0.96388, 0.967998, 0.134818, 0.211669, 0.101368, -0.981628, 0.161652, 1.98052, 3.09226, 0.976911)

[node name="Left Shoulder" parent="MeshRoot/Robot/Armature/Skeleton3D" index="68"]
transform = Transform3D(1, 1.36216e-05, 0.000387535, 8.62787e-05, 0.966579, -0.25637, -0.000378045, 0.25637, 0.966579, 0.00471389, 2.51341, 0.448688)

[node name="Finger End 1" parent="MeshRoot/Robot/Armature/Skeleton3D" index="69"]
transform = Transform3D(0.223279, 0.135404, 0.965304, -0.969994, 0.128601, 0.206325, -0.0962018, -0.982408, 0.160056, -2.94863, 4.5687, 5.02722)

[node name="Finger Middle 1" parent="MeshRoot/Robot/Armature/Skeleton3D" index="70"]
transform = Transform3D(0.223279, 0.135404, 0.965304, -0.969994, 0.128601, 0.206325, -0.0962015, -0.982408, 0.160056, -2.88294, 4.43352, 4.80532)

[node name="Finger Base 1" parent="MeshRoot/Robot/Armature/Skeleton3D" index="71"]
transform = Transform3D(0.223279, 0.135404, 0.965304, -0.969994, 0.128601, 0.206325, -0.0962012, -0.982409, 0.160056, -2.81457, 4.29322, 4.57551)

[node name="Finger End 2" parent="MeshRoot/Robot/Armature/Skeleton3D" index="72"]
transform = Transform3D(0.223279, 0.135404, 0.965304, -0.969994, 0.128601, 0.206325, -0.0962015, -0.982409, 0.160056, -2.91248, 4.28701, 5.17232)

[node name="Finger Middle 2" parent="MeshRoot/Robot/Armature/Skeleton3D" index="73"]
transform = Transform3D(0.223279, 0.135404, 0.965304, -0.969994, 0.128601, 0.206325, -0.0962014, -0.982409, 0.160056, -2.85175, 4.19127, 4.92948)

[node name="Finger Base 2" parent="MeshRoot/Robot/Armature/Skeleton3D" index="74"]
transform = Transform3D(0.223279, 0.135404, 0.965304, -0.969994, 0.1286, 0.206325, -0.0962006, -0.982409, 0.160056, -2.78997, 4.09526, 4.68663)

[node name="Finger End 3" parent="MeshRoot/Robot/Armature/Skeleton3D" index="75"]
transform = Transform3D(0.223279, 0.135404, 0.965304, -0.969994, 0.1286, 0.206325, -0.096201, -0.982409, 0.160056, -2.86126, 3.98065, 5.25834)

[node name="Finger Middle 3" parent="MeshRoot/Robot/Armature/Skeleton3D" index="76"]
transform = Transform3D(0.223279, 0.135404, 0.965304, -0.969994, 0.128601, 0.206325, -0.0962012, -0.982409, 0.160056, -2.80848, 3.93435, 4.99969)

[node name="Finger Base 3" parent="MeshRoot/Robot/Armature/Skeleton3D" index="77"]
transform = Transform3D(0.223279, 0.135404, 0.965304, -0.969994, 0.128601, 0.206325, -0.0962012, -0.982408, 0.160056, -2.74915, 3.88216, 4.714)

[node name="Finger End 4" parent="MeshRoot/Robot/Armature/Skeleton3D" index="78"]
transform = Transform3D(0.223279, 0.135404, 0.965304, -0.969994, 0.128601, 0.206325, -0.0962014, -0.982408, 0.160056, -2.70093, 3.50083, 4.90994)

[node name="Finger Base 4" parent="MeshRoot/Robot/Armature/Skeleton3D" index="79"]
transform = Transform3D(0.223279, 0.135404, 0.965304, -0.969994, 0.1286, 0.206325, -0.0962008, -0.982408, 0.160056, -2.6856, 3.68596, 4.60379)

[node name="Right Hand" parent="MeshRoot/Robot/Armature/Skeleton3D" index="80"]
transform = Transform3D(0.221534, 0.136744, 0.965517, -0.970735, 0.125055, 0.20502, -0.0927073, -0.982681, 0.160447, -2.79138, 4.02377, 4.79566)

[node name="Right Wrist Guard" parent="MeshRoot/Robot/Armature/Skeleton3D" index="81"]
transform = Transform3D(0.221534, 0.136744, 0.965517, -0.970735, 0.125055, 0.20502, -0.0927073, -0.982681, 0.160447, -2.56454, 3.86028, 3.85211)

[node name="Right Arm_011" parent="MeshRoot/Robot/Armature/Skeleton3D" index="82"]
transform = Transform3D(-0.156043, -0.208391, 0.965517, 0.949069, 0.239237, 0.20502, -0.273712, 0.948334, 0.160447, -2.42309, 3.59893, 3.00261)

[node name="Right Arm_010" parent="MeshRoot/Robot/Armature/Skeleton3D" index="83"]
transform = Transform3D(-0.156043, -0.208391, 0.965517, 0.949069, 0.239237, 0.20502, -0.273712, 0.948334, 0.160447, -2.38266, 3.55251, 2.81859)

[node name="Right Arm_009" parent="MeshRoot/Robot/Armature/Skeleton3D" index="84"]
transform = Transform3D(-0.155896, -0.208656, 0.965484, 0.948898, 0.239878, 0.20506, -0.274386, 0.948114, 0.160598, -2.34219, 3.50603, 2.63459)

[node name="Right Arm_007" parent="MeshRoot/Robot/Armature/Skeleton3D" index="85"]
transform = Transform3D(-0.0970725, -0.198243, 0.975334, 0.966805, 0.213936, 0.139708, -0.236356, 0.95652, 0.170895, -2.2616, 3.4128, 2.26646)

[node name="Right Arm_008" parent="MeshRoot/Robot/Armature/Skeleton3D" index="86"]
transform = Transform3D(-0.0970725, -0.198243, 0.975334, 0.966805, 0.213936, 0.139708, -0.236356, 0.95652, 0.170895, -2.30007, 3.45431, 2.45207)

[node name="Right Arm_006" parent="MeshRoot/Robot/Armature/Skeleton3D" index="87"]
transform = Transform3D(-0.138217, -0.218188, 0.966069, 0.945194, 0.26228, 0.194466, -0.295811, 0.940001, 0.169978, -2.22314, 3.36923, 2.0929)

[node name="Right Arm_005" parent="MeshRoot/Robot/Armature/Skeleton3D" index="88"]
transform = Transform3D(-0.158148, -0.20449, 0.966009, 0.951505, 0.229877, 0.204435, -0.263868, 0.951494, 0.158219, -2.17911, 3.31779, 1.89674)

[node name="Right Arm_004" parent="MeshRoot/Robot/Armature/Skeleton3D" index="89"]
transform = Transform3D(-0.15567, -0.209173, 0.965409, 0.948663, 0.240747, 0.205132, -0.275328, 0.94778, 0.160957, -2.13898, 3.27215, 1.71248)

[node name="Right Arm_003" parent="MeshRoot/Robot/Armature/Skeleton3D" index="90"]
transform = Transform3D(-0.155589, -0.209253, 0.965404, 0.948568, 0.241115, 0.205137, -0.275699, 0.947669, 0.160976, -2.09838, 3.2254, 1.52858)

[node name="Right Arm_002" parent="MeshRoot/Robot/Armature/Skeleton3D" index="91"]
transform = Transform3D(-0.155508, -0.208818, 0.965512, 0.948468, 0.24161, 0.205018, -0.276089, 0.947639, 0.160485, -2.05782, 3.17856, 1.34468)

[node name="Right Arm_001" parent="MeshRoot/Robot/Armature/Skeleton3D" index="92"]
transform = Transform3D(-0.155239, -0.20852, 0.965619, 0.948149, 0.242961, 0.204897, -0.277333, 0.947359, 0.159991, -2.01733, 3.13155, 1.16082)

[node name="Right Arm" parent="MeshRoot/Robot/Armature/Skeleton3D" index="93"]
transform = Transform3D(-0.157488, -0.209812, 0.964975, 0.950669, 0.232243, 0.205649, -0.267257, 0.949759, 0.162886, -1.97675, 3.08545, 0.976801)

[node name="Right Shoulder" parent="MeshRoot/Robot/Armature/Skeleton3D" index="94"]
transform = Transform3D(1, 1.36624e-05, 0.00038753, 8.61282e-05, 0.966579, -0.25637, -0.000378081, 0.25637, 0.966579, 0.00471437, 2.51341, 0.448688)

[node name="Hips" parent="MeshRoot/Robot/Armature/Skeleton3D" index="95"]
transform = Transform3D(0.998041, 4.42389e-05, 0.0625564, 0.00865163, 0.990292, -0.138731, -0.0619553, 0.139, 0.988352, 0.00464276, -0.322942, -0.148072)

[node name="AnimationTree" type="AnimationTree" parent="MeshRoot"]
root_node = NodePath("../Robot")
tree_root = SubResource("AnimationNodeBlendTree_0fiv8")
anim_player = NodePath("../Robot/AnimationPlayer")
parameters/is_gliding/blend_amount = 0.0
parameters/jump/active = false
parameters/jump/internal_active = false
parameters/jump/request = 0
parameters/movement_anim_speed/scale = 1.0
parameters/movement_blend/blend_position = 0.0
parameters/on_floor_blend/blend_amount = 0.0

[node name="Glider" parent="MeshRoot" node_paths=PackedStringArray("player") instance=ExtResource("11_inerc")]
transform = Transform3D(0.2, 0, 0, 0, 0.2, 0, 0, 0, 0.2, 0, 0, 0)
script = ExtResource("12_sntr0")
player = NodePath("../..")

[node name="CamRoot" type="Node3D" parent="." node_paths=PackedStringArray("player")]
transform = Transform3D(1, 0, 0, 0, 1, 0, 0, 0, 1, 0, 0.869557, 0)
script = ExtResource("13_j0ncc")
player = NodePath("..")

[node name="CamYaw" type="Node3D" parent="CamRoot"]

[node name="CamPitch" type="Node3D" parent="CamRoot/CamYaw"]

[node name="SpringArm3D" type="SpringArm3D" parent="CamRoot/CamYaw/CamPitch" node_paths=PackedStringArray("player")]
shape = SubResource("SphereShape3D_fbxo0")
spring_length = -3.0
script = ExtResource("14_jlokr")
player = NodePath("../../../..")

[node name="Camera3D" type="Camera3D" parent="CamRoot/CamYaw/CamPitch/SpringArm3D"]
transform = Transform3D(-1, 0, -8.74228e-08, 0, 1, 0, 8.74228e-08, 0, -1, 0, 0, 0)
current = true

[node name="HurtOverlay" type="TextureRect" parent="."]
modulate = Color(1, 1, 1, 0)
anchors_preset = 15
anchor_right = 1.0
anchor_bottom = 1.0
grow_horizontal = 2
grow_vertical = 2
texture = ExtResource("15_4lvj7")
expand_mode = 1

[node name="SpeedOverlay" type="ColorRect" parent="."]
modulate = Color(1, 1, 1, 0)
material = SubResource("ShaderMaterial_5ddcd")
anchors_preset = 15
anchor_right = 1.0
anchor_bottom = 1.0
grow_horizontal = 2
grow_vertical = 2
color = Color(0, 0, 0, 1)

[node name="HealthBar" type="ProgressBar" parent="." node_paths=PackedStringArray("damage_bar")]
z_index = 1
offset_left = 8.0
offset_top = 14.0
offset_right = 248.0
offset_bottom = 54.0
theme_override_styles/background = SubResource("StyleBoxEmpty_ai30p")
theme_override_styles/fill = SubResource("StyleBoxFlat_dxccx")
value = 60.0
show_percentage = false
script = ExtResource("17_ic8d8")
damage_bar = NodePath("DamageBar")

[node name="DamageBar" type="ProgressBar" parent="HealthBar"]
z_index = -1
layout_mode = 1
anchors_preset = 15
anchor_right = 1.0
anchor_bottom = 1.0
grow_horizontal = 2
grow_vertical = 2
theme_override_styles/background = SubResource("StyleBoxFlat_5ofko")
theme_override_styles/fill = SubResource("StyleBoxFlat_q6b0o")
value = 80.0
show_percentage = false

[node name="Timer" type="Timer" parent="HealthBar"]
wait_time = 0.4
one_shot = true

[node name="FallDamage" type="AudioStreamPlayer" parent="."]
stream = ExtResource("16_0wh5x")
pitch_scale = 0.75

[node name="SoundEffects" type="AudioStreamPlayer" parent="."]

[node name="Main Song" type="AudioStreamPlayer" parent="."]
stream = ExtResource("17_vstat")
pitch_scale = 0.75

[connection signal="pressed_glide" from="." to="AudioController" method="_glide"]
[connection signal="pressed_glide" from="." to="MovementController" method="_glide"]
[connection signal="pressed_glide" from="." to="AnimationController" method="_glide"]
[connection signal="pressed_glide" from="." to="MeshRoot/Glider" method="_glide"]
[connection signal="pressed_glide" from="." to="CamRoot" method="_glide"]
