[gd_scene load_steps=45 format=3 uid="uid://bd2s4wf2tu7sm"]

[ext_resource type="Script" path="res://Scenes/Models/Player/Player.gd" id="1_dvppb"]
[ext_resource type="Resource" uid="uid://c08l7gnjmjaqu" path="res://Scenes/Models/Player/MovementStates/run.tres" id="2_mml65"]
[ext_resource type="Resource" uid="uid://difpuuckqhvsv" path="res://Scenes/Models/Player/MovementStates/stand.tres" id="3_moa87"]
[ext_resource type="Resource" uid="uid://brvevs4yorhgf" path="res://Scenes/Models/Player/MovementStates/walk.tres" id="4_vttyl"]
[ext_resource type="Resource" uid="uid://bl52gdpkd3csn" path="res://Scenes/Models/Player/JumpStates/jump.tres" id="5_qm2u8"]
[ext_resource type="Resource" uid="uid://dnvfiisdtrht" path="res://Scenes/Models/Player/GlideStates/glide.tres" id="6_mtxa7"]
[ext_resource type="Script" path="res://Scenes/Models/Player/audio_controller.gd" id="7_7iij5"]
[ext_resource type="Script" path="res://Scenes/Models/Player/movement_controller.gd" id="8_j5sic"]
[ext_resource type="Script" path="res://Scenes/Models/Player/animation_controller.gd" id="9_eodew"]
[ext_resource type="PackedScene" uid="uid://bhdvfievnjoad" path="res://Scenes/Models/Player/Player.tscn" id="10_5kxhf"]
[ext_resource type="PackedScene" uid="uid://enjqiqwhpu7" path="res://Scenes/Models/Player/Glider.tscn" id="11_inerc"]
[ext_resource type="Script" path="res://Scenes/Models/Player/Glider.gd" id="12_sntr0"]
[ext_resource type="Script" path="res://Scenes/Models/Player/camera_controller.gd" id="13_j0ncc"]
[ext_resource type="Script" path="res://Scenes/Models/Player/SpringArm3D.gd" id="14_jlokr"]
[ext_resource type="Texture2D" uid="uid://dt0nnojl3rji0" path="res://Assets/Character/Textures/Damage Overlay.png" id="15_4lvj7"]
[ext_resource type="AudioStream" uid="uid://pt0u3r8i0vdg" path="res://Assets/Sound/Effects/damage.wav" id="16_0wh5x"]
[ext_resource type="Shader" path="res://Scenes/Models/Player/SpeedOverlay.gdshader" id="16_1v2vt"]
[ext_resource type="Script" path="res://Scenes/Models/Player/HealthBar.gd" id="17_ic8d8"]
[ext_resource type="AudioStream" uid="uid://0mnwvfvadsp4" path="res://Assets/Sound/Music/Song 1.wav" id="17_vstat"]
[ext_resource type="PackedScene" uid="uid://bdngkrkcavhrj" path="res://Scenes/Screens/death_screen.tscn" id="18_pn5pv"]
[ext_resource type="Script" path="res://Scenes/Models/Player/stamina_meter.gd" id="21_0ngw6"]
[ext_resource type="PackedScene" uid="uid://eg0orw83mbc7" path="res://Scenes/Screens/pause_screen.tscn" id="22_lstwq"]

[sub_resource type="CapsuleShape3D" id="CapsuleShape3D_ny02q"]

[sub_resource type="AnimationNodeAnimation" id="AnimationNodeAnimation_uhh3q"]
animation = &"Falling"

[sub_resource type="AnimationNodeAnimation" id="AnimationNodeAnimation_4lju0"]
animation = &"Glide"

[sub_resource type="AnimationNodeAnimation" id="AnimationNodeAnimation_6t4by"]
animation = &"Jump"

[sub_resource type="AnimationNodeBlend2" id="AnimationNodeBlend2_p55mh"]

[sub_resource type="AnimationNodeOneShot" id="AnimationNodeOneShot_rmhht"]

[sub_resource type="AnimationNodeTimeScale" id="AnimationNodeTimeScale_qoddc"]

[sub_resource type="AnimationNodeAnimation" id="AnimationNodeAnimation_sivxs"]
animation = &"Idle"

[sub_resource type="AnimationNodeAnimation" id="AnimationNodeAnimation_wbm5n"]
animation = &"Walk"

[sub_resource type="AnimationNodeAnimation" id="AnimationNodeAnimation_ci5d5"]
animation = &"Running"

[sub_resource type="AnimationNodeBlendSpace1D" id="AnimationNodeBlendSpace1D_h2nin"]
blend_point_0/node = SubResource("AnimationNodeAnimation_sivxs")
blend_point_0/pos = 0.0
blend_point_1/node = SubResource("AnimationNodeAnimation_wbm5n")
blend_point_1/pos = 1.0
blend_point_2/node = SubResource("AnimationNodeAnimation_ci5d5")
blend_point_2/pos = 2.0
min_space = 0.0
max_space = 3.0
snap = 1.0

[sub_resource type="AnimationNodeBlend2" id="AnimationNodeBlend2_gxhi5"]

[sub_resource type="AnimationNodeBlendTree" id="AnimationNodeBlendTree_0fiv8"]
graph_offset = Vector2(39.6885, 312.508)
nodes/Animation/node = SubResource("AnimationNodeAnimation_6t4by")
nodes/Animation/position = Vector2(400, 400)
"nodes/Animation 2/node" = SubResource("AnimationNodeAnimation_uhh3q")
"nodes/Animation 2/position" = Vector2(120, 620)
"nodes/Animation 3/node" = SubResource("AnimationNodeAnimation_4lju0")
"nodes/Animation 3/position" = Vector2(140, 740)
nodes/is_gliding/node = SubResource("AnimationNodeBlend2_p55mh")
nodes/is_gliding/position = Vector2(660, 580)
nodes/jump/node = SubResource("AnimationNodeOneShot_rmhht")
nodes/jump/position = Vector2(1200, 520)
nodes/movement_anim_speed/node = SubResource("AnimationNodeTimeScale_qoddc")
nodes/movement_anim_speed/position = Vector2(660, 1000)
nodes/movement_blend/node = SubResource("AnimationNodeBlendSpace1D_h2nin")
nodes/movement_blend/position = Vector2(400, 1040)
nodes/on_floor_blend/node = SubResource("AnimationNodeBlend2_gxhi5")
nodes/on_floor_blend/position = Vector2(1580, 720)
nodes/output/position = Vector2(1860, 660)
node_connections = [&"is_gliding", 0, &"Animation 2", &"is_gliding", 1, &"Animation 3", &"jump", 0, &"movement_anim_speed", &"jump", 1, &"Animation", &"movement_anim_speed", 0, &"movement_blend", &"on_floor_blend", 0, &"is_gliding", &"on_floor_blend", 1, &"jump", &"output", 0, &"on_floor_blend"]

[sub_resource type="SphereShape3D" id="SphereShape3D_fbxo0"]
radius = 0.07

[sub_resource type="FastNoiseLite" id="FastNoiseLite_aw0s0"]

[sub_resource type="NoiseTexture2D" id="NoiseTexture2D_ow4ag"]
width = 1024
height = 1024
noise = SubResource("FastNoiseLite_aw0s0")

[sub_resource type="ShaderMaterial" id="ShaderMaterial_5ddcd"]
shader = ExtResource("16_1v2vt")
shader_parameter/line_color = Color(0.509286, 0.509286, 0.509286, 1)
shader_parameter/line_count = 2.0
shader_parameter/line_density = 0.135
shader_parameter/line_falloff = 0.827
shader_parameter/mask_size = 0.299
shader_parameter/mask_edge = 0.367
shader_parameter/animation_speed = 3.74
shader_parameter/noise = SubResource("NoiseTexture2D_ow4ag")

[sub_resource type="FontVariation" id="FontVariation_364hi"]
variation_embolden = 1.06

[sub_resource type="StyleBoxEmpty" id="StyleBoxEmpty_ai30p"]

[sub_resource type="StyleBoxFlat" id="StyleBoxFlat_dxccx"]
bg_color = Color(0.452292, 0.663102, 0.44814, 1)

[sub_resource type="StyleBoxFlat" id="StyleBoxFlat_5ofko"]
bg_color = Color(0.262932, 0.262932, 0.262932, 1)
expand_margin_left = 5.0
expand_margin_top = 5.0
expand_margin_right = 5.0
expand_margin_bottom = 5.0
shadow_color = Color(0, 0, 0, 0.27451)
shadow_offset = Vector2(0, 1)

[sub_resource type="StyleBoxFlat" id="StyleBoxFlat_q6b0o"]
bg_color = Color(0.811075, 0.856637, 0.833661, 1)

[node name="Player" type="CharacterBody3D" groups=["player"]]
transform = Transform3D(1, 0, 0, 0, 1, 0, 0, 0, 1, 0, 1, 0)
script = ExtResource("1_dvppb")
movement_states = {
"run": ExtResource("2_mml65"),
"stand": ExtResource("3_moa87"),
"walk": ExtResource("4_vttyl")
}
jump_states = {
"jump": ExtResource("5_qm2u8")
}
glide_states = {
"glide": ExtResource("6_mtxa7")
}

[node name="AudioController" type="Node" parent="." node_paths=PackedStringArray("fall_damage_player", "main_song", "sound_effects", "player")]
script = ExtResource("7_7iij5")
fall_damage_player = NodePath("../FallDamage")
main_song = NodePath("../Main Song")
sound_effects = NodePath("../SoundEffects")
player = NodePath("..")

[node name="MovementController" type="Node" parent="." node_paths=PackedStringArray("player", "mesh_root", "hurt_overlay", "speed_overlay", "health_bar", "death_screen", "skeleton")]
script = ExtResource("8_j5sic")
player = NodePath("..")
mesh_root = NodePath("../MeshRoot")
hurt_overlay = NodePath("../HurtOverlay")
speed_overlay = NodePath("../SpeedOverlay")
health_bar = NodePath("../HealthBar")
death_screen = NodePath("../GameOverScreen")
skeleton = NodePath("../MeshRoot/Robot/Armature/Skeleton3D")
glide_states = {
"glide": ExtResource("6_mtxa7")
}

[node name="AnimationController" type="Node" parent="." node_paths=PackedStringArray("animation_tree", "player")]
script = ExtResource("9_eodew")
animation_tree = NodePath("../MeshRoot/AnimationTree")
player = NodePath("..")

[node name="CollisionShape3D" type="CollisionShape3D" parent="."]
shape = SubResource("CapsuleShape3D_ny02q")

[node name="MeshRoot" type="Node3D" parent="."]

[node name="Robot" parent="MeshRoot" instance=ExtResource("10_5kxhf")]
transform = Transform3D(1, 0, 0, 0, 1, 0, 0, 0, 1, 0, -1.02912, 0)

[node name="Skeleton3D" parent="MeshRoot/Robot/Armature" index="0"]
bones/1/position = Vector3(2.455, 8.7202, 3.16529)
bones/3/position = Vector3(-2.46437, 8.7202, 3.16529)
bones/5/position = Vector3(0, 5.70156, 0)
bones/5/rotation = Quaternion(0.0703003, 0, 0, 0.997526)
bones/7/rotation = Quaternion(-0.446709, 0.0893691, 0.0557786, 0.888455)
bones/8/rotation = Quaternion(8.75046e-08, 1.19018e-07, -0.0952125, 0.995457)
bones/9/rotation = Quaternion(3.50603e-08, -2.36769e-07, -0.0704423, 0.997516)
bones/10/rotation = Quaternion(2.14197e-08, 2.37658e-07, -0.0420658, 0.999115)
bones/11/rotation = Quaternion(-1.17175e-05, -0.0019178, -0.0061122, 0.999979)
bones/12/rotation = Quaternion(6.13307e-05, 0.00191674, 0.031989, 0.999486)
bones/13/rotation = Quaternion(-4.37234e-08, 1.1875e-07, 0.0728209, 0.997345)
bones/14/rotation = Quaternion(-1.1899e-07, 3.5456e-07, 0.110845, 0.993838)
bones/15/rotation = Quaternion(0.00125401, -0.00904127, 0.137399, 0.990474)
bones/16/rotation = Quaternion(0.00206591, 0.00889047, 0.226344, 0.974005)
bones/31/position = Vector3(-1.19886, 2.98928, -2.20158)
bones/32/position = Vector3(0.0409813, -0.261409, -5.76169e-05)
bones/32/rotation = Quaternion(0.000113419, 0.000698987, 0.160203, 0.987084)
bones/42/position = Vector3(-2.7409, 2.21882, -1.56748)
bones/43/position = Vector3(-0.0409653, -0.261383, -5.77883e-05)
bones/43/rotation = Quaternion(-0.000157933, -0.000690231, 0.223101, 0.974795)
bones/52/rotation = Quaternion(-0.377655, 0.257898, 0.529243, 0.71468)
bones/53/rotation = Quaternion(4.48902e-08, -1.03118e-07, 0.106667, 0.994295)
bones/54/rotation = Quaternion(4.31481e-08, 2.3825e-07, 0.0792757, 0.996853)
bones/55/rotation = Quaternion(2.4983e-08, -2.38766e-07, 0.0474674, 0.998873)
bones/56/rotation = Quaternion(-1.3819e-05, 0.00191779, 0.00720692, 0.999972)
bones/57/rotation = Quaternion(6.90096e-05, -0.00191648, -0.0359966, 0.99935)
bones/58/rotation = Quaternion(-5.72011e-08, -1.19391e-07, -0.0818888, 0.996642)
bones/59/rotation = Quaternion(-1.42971e-07, -3.54563e-07, -0.123526, 0.992341)
bones/60/rotation = Quaternion(0.00139546, 0.00902051, -0.152899, 0.9882)
bones/61/rotation = Quaternion(0.00221966, -0.00885331, -0.243191, 0.969936)
bones/76/rotation = Quaternion(0.0592395, -0.000235748, 0.00724406, 0.998218)
bones/79/rotation = Quaternion(0.20769, 1.91491e-06, 8.55467e-05, 0.978195)
bones/88/rotation = Quaternion(-0.00494084, 7.14921e-05, 0.297733, 0.954636)
bones/89/rotation = Quaternion(0.521465, -0.428508, -0.107276, 0.730032)
bones/90/rotation = Quaternion(-0.00207246, -0.00334011, -0.00783028, 0.999962)
bones/91/rotation = Quaternion(0.00182163, 2.00848e-07, 0.00680353, 0.999975)
bones/92/rotation = Quaternion(-0.000194959, 4.84237e-06, -0.000390787, 1)
bones/93/rotation = Quaternion(-0.000286623, 4.71048e-06, -0.000444881, 1)
bones/94/rotation = Quaternion(5.61461e-05, -1.05998e-07, -0.000615754, 1)
bones/95/rotation = Quaternion(0.00155009, -2.91675e-06, -0.00580586, 0.999982)
bones/96/rotation = Quaternion(-0.00497294, 0.000658843, 0.0190801, 0.999805)
bones/97/rotation = Quaternion(0.00869774, 0.0397979, -0.0283107, 0.998769)
bones/98/rotation = Quaternion(-0.00666238, -0.04047, 0.0217891, 0.998921)
bones/99/rotation = Quaternion(0.00171292, -3.04611e-07, -0.00655342, 0.999977)
bones/100/rotation = Quaternion(0.000179275, -2.51457e-08, -0.000698349, 1)
bones/142/rotation = Quaternion(0.521303, 0.428138, 0.107827, 0.730284)
bones/143/rotation = Quaternion(-0.00161217, 0.000125805, 0.00566776, 0.999983)
bones/144/rotation = Quaternion(0.00152979, -1.66975e-07, -0.0053136, 0.999985)
bones/145/rotation = Quaternion(-0.000259948, -4.92711e-06, 0.000656254, 1)
bones/146/rotation = Quaternion(-0.00025809, -4.8241e-06, 0.000205244, 1)
bones/147/rotation = Quaternion(9.99786e-06, 2.00035e-07, 0.000196448, 1)
bones/148/rotation = Quaternion(0.00144456, 3.05097e-06, 0.00603126, 0.999981)
bones/149/rotation = Quaternion(-0.0042737, -0.00641461, -0.0179905, 0.999808)
bones/150/rotation = Quaternion(0.00728551, -0.0268001, 0.0264981, 0.999263)
bones/151/rotation = Quaternion(-0.00563094, 0.0332222, -0.0210139, 0.999211)
bones/152/rotation = Quaternion(0.00160057, 3.19791e-07, 0.00690656, 0.999975)
bones/153/rotation = Quaternion(7.9737e-05, 2.70083e-08, 0.000355281, 1)
bones/162/rotation = Quaternion(-8.27381e-08, -3.3349e-07, -0.0640607, 0.997946)

[node name="Lower Left Leg" parent="MeshRoot/Robot/Armature/Skeleton3D" index="0"]
transform = Transform3D(0.998281, -0.0247928, -0.0531134, -0.0303813, 0.55606, -0.830587, 0.0501266, 0.830772, 0.554351, 0.921385, -2.8764, -1.16097)

[node name="Left Leg Joint Cutouts" parent="MeshRoot/Robot/Armature/Skeleton3D" index="1"]
transform = Transform3D(0.998281, -0.0247928, -0.0531134, -0.0303813, 0.55606, -0.830587, 0.0501266, 0.830772, 0.554351, 0.90245, -2.37497, -0.532003)

[node name="Lower Left Leg Joint" parent="MeshRoot/Robot/Armature/Skeleton3D" index="2"]
transform = Transform3D(0.998281, -0.0247928, -0.0531134, -0.0303813, 0.55606, -0.830587, 0.0501266, 0.830772, 0.554351, 0.910441, -2.28725, -0.408297)

[node name="Lower Left Leg Joint" parent="MeshRoot/Robot/Armature/Skeleton3D/Lower Left Leg Joint" index="0"]
transform = Transform3D(1, -3.72529e-09, -3.72529e-09, -1.86265e-09, 1, -2.98023e-08, 0, -2.98023e-08, 1, 0, 0, 0)

[node name="Lower Left Leg Light" parent="MeshRoot/Robot/Armature/Skeleton3D" index="3"]
transform = Transform3D(0.998281, -0.0247928, -0.0531134, -0.0303813, 0.55606, -0.830587, 0.0501266, 0.830772, 0.554351, 1.21367, -2.63345, -1.12474)

[node name="Limb Segment_018" parent="MeshRoot/Robot/Armature/Skeleton3D" index="4"]
transform = Transform3D(0.9981, -0.0190467, 0.0586044, -0.0458744, -0.86465, 0.500276, 0.0411434, -0.502014, -0.86388, 0.918821, -1.40583, 0.182754)

[node name="Limb Segment_017" parent="MeshRoot/Robot/Armature/Skeleton3D" index="5"]
transform = Transform3D(0.998285, -0.0168017, 0.0560724, -0.0301147, -0.968843, 0.24584, 0.0501946, -0.247107, -0.967687, 0.917224, -1.3327, 0.00131383)

[node name="Limb Segment_016" parent="MeshRoot/Robot/Armature/Skeleton3D" index="6"]
transform = Transform3D(0.996794, -0.0617097, 0.0509315, -0.0631092, -0.997659, 0.0263415, 0.0491865, -0.0294712, -0.998355, 0.939284, -1.31907, -0.105762)

[node name="Limb Segment_015" parent="MeshRoot/Robot/Armature/Skeleton3D" index="7"]
transform = Transform3D(0.998171, -0.0390179, 0.0461785, -0.0332807, -0.992327, -0.119076, 0.0504701, 0.117321, -0.991811, 0.933375, -1.32145, -0.143829)

[node name="Limb Segment_014" parent="MeshRoot/Robot/Armature/Skeleton3D" index="8"]
transform = Transform3D(0.997878, -0.0481923, 0.043775, -0.0394505, -0.982453, -0.182292, 0.0517917, 0.180179, -0.98227, 0.933704, -1.32237, -0.146158)

[node name="Limb Segment_013" parent="MeshRoot/Robot/Armature/Skeleton3D" index="9"]
transform = Transform3D(0.99757, -0.0538266, 0.0442482, -0.0455608, -0.984344, -0.170265, 0.05272, 0.167836, -0.984404, 0.932748, -1.32322, -0.14811)

[node name="Limb Segment_012" parent="MeshRoot/Robot/Armature/Skeleton3D" index="10"]
transform = Transform3D(0.997733, -0.0194037, 0.0644397, -0.013728, -0.996081, -0.0873805, 0.0658824, 0.0862979, -0.994089, 0.944873, -1.32746, -0.176604)

[node name="Limb Segment_011" parent="MeshRoot/Robot/Armature/Skeleton3D" index="11"]
transform = Transform3D(0.998485, -0.0431151, 0.0341853, -0.0449371, -0.997505, 0.0544529, 0.0317519, -0.0559065, -0.997932, 0.93274, -1.32847, -0.249465)

[node name="Limb Segment_003" parent="MeshRoot/Robot/Armature/Skeleton3D" index="12"]
transform = Transform3D(0.996997, -0.0114137, 0.0765924, -0.0296545, -0.969956, 0.241469, 0.0715349, -0.243015, -0.967382, 0.953839, -1.31026, -0.373487)

[node name="Left Foot" parent="MeshRoot/Robot/Armature/Skeleton3D" index="13"]
transform = Transform3D(0.999982, -1.57161e-06, 0.00605715, 0.00176242, 0.956804, -0.290729, -0.00579531, 0.290734, 0.956786, 0.92503, -3.7365, -1.30953)

[node name="Foot_005" parent="MeshRoot/Robot/Armature/Skeleton3D" index="14"]
transform = Transform3D(0.999982, -1.57161e-06, 0.00605715, 0.00176242, 0.956804, -0.290729, -0.00579531, 0.290734, 0.956786, 0.94011, -3.09713, -1.41498)

[node name="Foot_006" parent="MeshRoot/Robot/Armature/Skeleton3D" index="15"]
transform = Transform3D(0.999982, -1.57161e-06, 0.00605715, 0.00176242, 0.956804, -0.290729, -0.00579531, 0.290734, 0.956786, 0.943912, -4.17408, -1.08654)

[node name="Foot_007" parent="MeshRoot/Robot/Armature/Skeleton3D" index="16"]
transform = Transform3D(0.999982, -1.57161e-06, 0.00605715, 0.00176242, 0.956804, -0.290729, -0.00579531, 0.290734, 0.956786, 0.936817, -3.83353, -2.20729)

[node name="Left Foot Joint" parent="MeshRoot/Robot/Armature/Skeleton3D" index="17"]
transform = Transform3D(0.999982, -1.57161e-06, 0.00605715, 0.00176242, 0.956804, -0.290729, -0.00579531, 0.290734, 0.956786, 1.36246, -3.37027, -1.48596)

[node name="Right Foot" parent="MeshRoot/Robot/Armature/Skeleton3D" index="18"]
transform = Transform3D(0.999962, 3.63449e-07, -0.00872141, 0.00400236, 0.888473, 0.458911, 0.00774903, -0.458928, 0.888439, -0.916608, -2.53027, 2.8835)

[node name="Foot" parent="MeshRoot/Robot/Armature/Skeleton3D" index="19"]
transform = Transform3D(0.999962, 3.63449e-07, -0.00872141, 0.00400236, 0.888473, 0.458911, 0.00774903, -0.458928, 0.888439, -0.930925, -2.14562, 2.36199)

[node name="Foot_001" parent="MeshRoot/Robot/Armature/Skeleton3D" index="20"]
transform = Transform3D(0.999962, 3.63449e-07, -0.00872141, 0.00400236, 0.888473, 0.458911, 0.00774903, -0.458928, 0.888439, -0.936397, -2.68837, 3.34844)

[node name="Foot_002" parent="MeshRoot/Robot/Armature/Skeleton3D" index="21"]
transform = Transform3D(0.999962, 3.63449e-07, -0.00872141, 0.00400236, 0.888473, 0.458911, 0.00774903, -0.458928, 0.888439, -0.926181, -3.22593, 2.30775)

[node name="Right Foot Joint" parent="MeshRoot/Robot/Armature/Skeleton3D" index="22"]
transform = Transform3D(0.999962, 3.63449e-07, -0.00872141, 0.00400236, 0.888473, 0.458911, 0.00774903, -0.458928, 0.888439, -1.35331, -2.39138, 2.50062)

[node name="Lower Right Leg" parent="MeshRoot/Robot/Armature/Skeleton3D" index="23"]
transform = Transform3D(0.999118, -0.0190893, -0.0374172, 0.0319483, 0.923674, 0.381845, 0.0272722, -0.382704, 0.923469, -0.951202, -1.80949, 1.94328)

[node name="Lower Right Leg Joint" parent="MeshRoot/Robot/Armature/Skeleton3D" index="24"]
transform = Transform3D(0.999118, -0.0190893, -0.0374172, 0.0319483, 0.923674, 0.381845, 0.0272722, -0.382704, 0.923469, -0.975617, -0.956664, 1.5122)

[node name="Lower Right Leg Light" parent="MeshRoot/Robot/Armature/Skeleton3D" index="25"]
transform = Transform3D(0.999118, -0.0190893, -0.0374172, 0.0319483, 0.923674, 0.381845, 0.0272722, -0.382704, 0.923469, -1.2328, -1.74806, 1.69289)

[node name="Right Leg Joint Cutouts" parent="MeshRoot/Robot/Armature/Skeleton3D" index="26"]
transform = Transform3D(0.999118, -0.0190893, -0.0374172, 0.0319483, 0.923674, 0.381845, 0.0272722, -0.382704, 0.923469, -0.961401, -1.0943, 1.57479)

[node name="Limb Segment_010" parent="MeshRoot/Robot/Armature/Skeleton3D" index="27"]
transform = Transform3D(-0.998972, 0.017071, -0.0419965, -0.0433014, -0.633582, 0.772463, -0.0134216, 0.773488, 0.63367, -0.989168, -0.227898, 0.742632)

[node name="Limb Segment_009" parent="MeshRoot/Robot/Armature/Skeleton3D" index="28"]
transform = Transform3D(-0.999114, -0.0137513, -0.0397852, -0.0318462, -0.371157, 0.928024, -0.0275282, 0.928468, 0.37039, -0.967263, -0.414772, 0.632915)

[node name="Limb Segment_008" parent="MeshRoot/Robot/Armature/Skeleton3D" index="29"]
transform = Transform3D(-0.999329, 0.00993532, -0.0352665, -0.0362663, -0.13119, 0.990694, 0.00521617, 0.991308, 0.131462, -0.978915, -0.532868, 0.601757)

[node name="Limb Segment_007" parent="MeshRoot/Robot/Armature/Skeleton3D" index="30"]
transform = Transform3D(-0.999196, -0.0253501, -0.0310695, -0.0318571, 0.0312685, 0.999003, -0.0243535, 0.99919, -0.032051, -0.969767, -0.575218, 0.600678)

[node name="Limb Segment_006" parent="MeshRoot/Robot/Armature/Skeleton3D" index="31"]
transform = Transform3D(-0.999356, -0.021209, -0.0289547, -0.0309962, 0.10326, 0.994172, -0.0180956, 0.994428, -0.103851, -0.969938, -0.578, 0.601221)

[node name="Limb Segment_005" parent="MeshRoot/Robot/Armature/Skeleton3D" index="32"]
transform = Transform3D(-0.999462, -0.0146057, -0.0293901, -0.0305776, 0.0891112, 0.995552, -0.0119218, 0.995915, -0.08951, -0.968862, -0.580287, 0.601971)

[node name="Limb Segment_004" parent="MeshRoot/Robot/Armature/Skeleton3D" index="33"]
transform = Transform3D(-0.999168, -0.0251569, -0.0321054, -0.0319614, -0.00611435, 0.999471, -0.02534, 0.999665, 0.00530508, -0.972591, -0.61372, 0.603904)

[node name="Limb Segment_001" parent="MeshRoot/Robot/Armature/Skeleton3D" index="34"]
transform = Transform3D(-0.999072, -0.0236828, -0.0359829, -0.0316192, -0.164131, 0.985932, -0.0292556, 0.986154, 0.16323, -0.971851, -0.69433, 0.597474)

[node name="Limb Segment_002" parent="MeshRoot/Robot/Armature/Skeleton3D" index="35"]
transform = Transform3D(-0.999209, 0.0011788, -0.0397607, -0.0373903, -0.368955, 0.928694, -0.0135753, 0.929447, 0.368707, -0.955338, -0.830558, 0.560275)

[node name="Head_2" parent="MeshRoot/Robot/Armature/Skeleton3D" index="36"]
transform = Transform3D(1, 3.58267e-06, 0.000387764, 0.000240336, 0.779023, -0.626996, -0.000304324, 0.626996, 0.779023, 0.00482483, 4.08894, 1.52834)

[node name="Inner Eye Lights" parent="MeshRoot/Robot/Armature/Skeleton3D" index="37"]
transform = Transform3D(1, 0.000387764, -3.58267e-06, 0.000240336, -0.626996, -0.779023, -0.000304324, 0.779023, -0.626996, 0.00501833, 3.82688, 1.94766)

[node name="Lights 2" parent="MeshRoot/Robot/Armature/Skeleton3D" index="38"]
transform = Transform3D(1, 0.000387764, -3.58267e-06, 0.000240336, -0.626996, -0.779023, -0.000304324, 0.779023, -0.626996, 0.00500976, 3.82977, 1.92239)

[node name="Right Arm_012" parent="MeshRoot/Robot/Armature/Skeleton3D" index="39"]
transform = Transform3D(1, 1.37736e-05, 0.000387532, 8.60386e-05, 0.966578, -0.25637, -0.000378111, 0.25637, 0.966579, -0.0203262, 3.46228, 0.673417)

[node name="Main Body_2" parent="MeshRoot/Robot/Armature/Skeleton3D" index="40"]
transform = Transform3D(0.999587, 2.5748e-05, -0.0287259, -0.00736591, 0.966795, -0.255448, 0.0277655, 0.255554, 0.966396, 0.00471408, 2.51341, 0.448688)

[node name="Reactor Casing" parent="MeshRoot/Robot/Armature/Skeleton3D" index="41"]
transform = Transform3D(0.999587, 2.5748e-05, -0.0287259, -0.00736591, 0.966795, -0.255448, 0.0277655, 0.255554, 0.966396, -0.040391, 2.1839, 1.98511)

[node name="Reactor" parent="MeshRoot/Robot/Armature/Skeleton3D" index="42"]
transform = Transform3D(0.999587, 2.5748e-05, -0.0287259, -0.00736591, 0.966795, -0.255448, 0.0277655, 0.255554, 0.966396, -0.0421835, 2.19392, 2.0523)

[node name="Finger End 1_001" parent="MeshRoot/Robot/Armature/Skeleton3D" index="43"]
transform = Transform3D(0.22845, -0.133471, -0.964363, 0.968582, 0.13116, 0.211296, 0.0982841, -0.982336, 0.159241, 2.98802, 4.55406, 5.02566)

[node name="Finger Middle 1_001" parent="MeshRoot/Robot/Armature/Skeleton3D" index="44"]
transform = Transform3D(0.22845, -0.133471, -0.964363, 0.968581, 0.13116, 0.211296, 0.0982844, -0.982335, 0.159241, 2.92188, 4.41964, 4.80343)

[node name="Finger Base 1_001" parent="MeshRoot/Robot/Armature/Skeleton3D" index="45"]
transform = Transform3D(0.228449, -0.133471, -0.964363, 0.968581, 0.131159, 0.211296, 0.0982829, -0.982335, 0.159241, 2.85355, 4.28003, 4.57319)

[node name="Finger End 2_001" parent="MeshRoot/Robot/Armature/Skeleton3D" index="46"]
transform = Transform3D(0.228449, -0.133471, -0.964363, 0.968581, 0.131159, 0.211296, 0.0982834, -0.982335, 0.159241, 2.95015, 4.27229, 5.1702)

[node name="Finger Middle 2_001" parent="MeshRoot/Robot/Armature/Skeleton3D" index="47"]
transform = Transform3D(0.22845, -0.133471, -0.964363, 0.968581, 0.13116, 0.211296, 0.0982838, -0.982335, 0.159241, 2.88921, 4.17733, 4.9271)

[node name="Finger Base 2_001" parent="MeshRoot/Robot/Armature/Skeleton3D" index="48"]
transform = Transform3D(0.22845, -0.133471, -0.964363, 0.968581, 0.131161, 0.211296, 0.0982847, -0.982335, 0.159241, 2.82906, 4.08172, 4.6837)

[node name="Finger End 3_001" parent="MeshRoot/Robot/Armature/Skeleton3D" index="49"]
transform = Transform3D(0.230183, -0.13311, -0.964001, 0.96781, 0.134915, 0.212463, 0.101777, -0.981875, 0.15988, 2.89823, 3.97304, 5.25474)

[node name="Finger Middle 3_001" parent="MeshRoot/Robot/Armature/Skeleton3D" index="50"]
transform = Transform3D(0.230183, -0.13311, -0.964, 0.967812, 0.134916, 0.212463, 0.101779, -0.981876, 0.15988, 2.84537, 3.92653, 4.99614)

[node name="Finger Base 3_001" parent="MeshRoot/Robot/Armature/Skeleton3D" index="51"]
transform = Transform3D(0.230183, -0.133109, -0.964001, 0.96781, 0.134916, 0.212463, 0.101779, -0.981875, 0.15988, 2.78744, 3.87379, 4.71026)

[node name="Finger End 4_001" parent="MeshRoot/Robot/Armature/Skeleton3D" index="52"]
transform = Transform3D(0.230183, -0.13311, -0.964001, 0.96781, 0.134914, 0.212463, 0.101776, -0.981875, 0.15988, 2.73523, 3.49348, 4.90719)

[node name="Finger Base 4_001" parent="MeshRoot/Robot/Armature/Skeleton3D" index="53"]
transform = Transform3D(0.230183, -0.13311, -0.964001, 0.96781, 0.134915, 0.212463, 0.101777, -0.981875, 0.15988, 2.72899, 3.67638, 4.59939)

[node name="Left Hand_001" parent="MeshRoot/Robot/Armature/Skeleton3D" index="54"]
transform = Transform3D(0.22944, -0.133553, -0.964117, 0.968643, 0.128346, 0.212738, 0.0953289, -0.982695, 0.158813, 2.79248, 4.02063, 4.78801)

[node name="Left Wrist Guard" parent="MeshRoot/Robot/Armature/Skeleton3D" index="55"]
transform = Transform3D(0.22944, -0.133553, -0.964117, 0.968643, 0.128346, 0.212738, 0.0953289, -0.982695, 0.158813, 2.56668, 3.85447, 3.85531)

[node name="Left Arm_011" parent="MeshRoot/Robot/Armature/Skeleton3D" index="56"]
transform = Transform3D(0.22944, -0.133553, -0.964116, 0.968643, 0.128347, 0.212738, 0.0953293, -0.982695, 0.158813, 2.42687, 3.59575, 3.00462)

[node name="Left Arm_010" parent="MeshRoot/Robot/Armature/Skeleton3D" index="57"]
transform = Transform3D(0.22944, -0.133553, -0.964117, 0.968643, 0.128347, 0.212738, 0.0953293, -0.982695, 0.158813, 2.38645, 3.55007, 2.8204)

[node name="Left Arm_009" parent="MeshRoot/Robot/Armature/Skeleton3D" index="58"]
transform = Transform3D(0.229382, -0.134194, -0.964041, 0.968793, 0.127064, 0.212825, 0.0939354, -0.982775, 0.159153, 2.34597, 3.50428, 2.63624)

[node name="Left Arm_008" parent="MeshRoot/Robot/Armature/Skeleton3D" index="59"]
transform = Transform3D(0.228819, -0.140258, -0.963312, 0.970106, 0.115035, 0.213683, 0.0808438, -0.983409, 0.162388, 2.30494, 3.45729, 2.45252)

[node name="Left Arm_007" parent="MeshRoot/Robot/Armature/Skeleton3D" index="60"]
transform = Transform3D(0.157428, -0.149251, -0.976187, 0.977989, 0.160643, 0.133157, 0.136944, -0.975663, 0.171256, 2.26506, 3.41281, 2.26793)

[node name="Left Arm_006" parent="MeshRoot/Robot/Armature/Skeleton3D" index="61"]
transform = Transform3D(0.226997, -0.146886, -0.962755, 0.97153, 0.103011, 0.213349, 0.0678361, -0.983775, 0.166087, 2.22677, 3.3696, 2.09312)

[node name="Left Arm_005" parent="MeshRoot/Robot/Armature/Skeleton3D" index="62"]
transform = Transform3D(0.229848, -0.128801, -0.964665, 0.967463, 0.137949, 0.212096, 0.105756, -0.982029, 0.156318, 2.18293, 3.31908, 1.89828)

[node name="Left Arm_004" parent="MeshRoot/Robot/Armature/Skeleton3D" index="63"]
transform = Transform3D(0.229434, -0.134243, -0.964022, 0.968758, 0.127317, 0.212832, 0.0941647, -0.982735, 0.15926, 2.14287, 3.27424, 1.71373)

[node name="Left Arm_003" parent="MeshRoot/Robot/Armature/Skeleton3D" index="64"]
transform = Transform3D(0.22931, -0.134625, -0.963998, 0.968905, 0.126147, 0.21286, 0.0929496, -0.982834, 0.159366, 2.10229, 3.22826, 1.52962)

[node name="Left Arm_002" parent="MeshRoot/Robot/Armature/Skeleton3D" index="65"]
transform = Transform3D(0.228992, -0.134313, -0.964117, 0.96906, 0.125171, 0.212728, 0.0921077, -0.983001, 0.158821, 2.06172, 3.18207, 1.34556)

[node name="Left Arm_001" parent="MeshRoot/Robot/Armature/Skeleton3D" index="66"]
transform = Transform3D(0.228754, -0.134141, -0.964198, 0.969187, 0.124334, 0.21264, 0.0913593, -0.983131, 0.15845, 2.02121, 3.13571, 1.16153)

[node name="Left Arm" parent="MeshRoot/Robot/Armature/Skeleton3D" index="67"]
transform = Transform3D(0.231896, -0.134262, -0.96343, 0.96711, 0.13823, 0.213518, 0.104508, -0.981257, 0.161901, 1.98064, 3.09059, 0.977365)

[node name="Left Shoulder" parent="MeshRoot/Robot/Armature/Skeleton3D" index="68"]
transform = Transform3D(1, 1.31746e-05, 0.000387534, 8.67844e-05, 0.966578, -0.25637, -0.000377919, 0.25637, 0.966579, 0.00471425, 2.51341, 0.448688)

[node name="Finger End 1" parent="MeshRoot/Robot/Armature/Skeleton3D" index="69"]
transform = Transform3D(0.22561, 0.134659, 0.964866, -0.969137, 0.132019, 0.208184, -0.099347, -0.982057, 0.160288, -2.95059, 4.55193, 5.03271)

[node name="Finger Middle 1" parent="MeshRoot/Robot/Armature/Skeleton3D" index="70"]
transform = Transform3D(0.22561, 0.134659, 0.964866, -0.969137, 0.132019, 0.208184, -0.0993466, -0.982057, 0.160288, -2.88467, 4.4176, 4.81036)

[node name="Finger Base 1" parent="MeshRoot/Robot/Armature/Skeleton3D" index="71"]
transform = Transform3D(0.22561, 0.134659, 0.964866, -0.969138, 0.132019, 0.208184, -0.0993463, -0.982058, 0.160288, -2.81605, 4.2782, 4.58008)

[node name="Finger End 2" parent="MeshRoot/Robot/Armature/Skeleton3D" index="72"]
transform = Transform3D(0.22561, 0.134659, 0.964866, -0.969138, 0.132019, 0.208184, -0.0993464, -0.982057, 0.160288, -2.91369, 4.26987, 5.17691)

[node name="Finger Middle 2" parent="MeshRoot/Robot/Armature/Skeleton3D" index="73"]
transform = Transform3D(0.22561, 0.134659, 0.964866, -0.969138, 0.132019, 0.208184, -0.0993463, -0.982057, 0.160288, -2.85283, 4.17504, 4.93374)

[node name="Finger Base 2" parent="MeshRoot/Robot/Armature/Skeleton3D" index="74"]
transform = Transform3D(0.22561, 0.134659, 0.964866, -0.969137, 0.132018, 0.208184, -0.0993456, -0.982057, 0.160288, -2.79092, 4.07995, 4.69057)

[node name="Finger End 3" parent="MeshRoot/Robot/Armature/Skeleton3D" index="75"]
transform = Transform3D(0.22561, 0.134659, 0.964866, -0.969138, 0.132018, 0.208184, -0.0993458, -0.982058, 0.160288, -2.86168, 3.96337, 5.26194)

[node name="Finger Middle 3" parent="MeshRoot/Robot/Armature/Skeleton3D" index="76"]
transform = Transform3D(0.22561, 0.134659, 0.964866, -0.969138, 0.132019, 0.208184, -0.0993461, -0.982057, 0.160288, -2.8089, 3.91801, 5.00313)

[node name="Finger Base 3" parent="MeshRoot/Robot/Armature/Skeleton3D" index="77"]
transform = Transform3D(0.22561, 0.134659, 0.964866, -0.969138, 0.132018, 0.208184, -0.0993461, -0.982057, 0.160288, -2.74957, 3.86686, 4.71724)

[node name="Finger End 4" parent="MeshRoot/Robot/Armature/Skeleton3D" index="78"]
transform = Transform3D(0.22561, 0.134659, 0.964866, -0.969137, 0.132018, 0.208185, -0.0993458, -0.982057, 0.160288, -2.70033, 3.48503, 4.91196)

[node name="Finger Base 4" parent="MeshRoot/Robot/Armature/Skeleton3D" index="79"]
transform = Transform3D(0.22561, 0.134659, 0.964866, -0.969137, 0.132017, 0.208184, -0.0993451, -0.982057, 0.160288, -2.68559, 3.67117, 4.60639)

[node name="Right Hand" parent="MeshRoot/Robot/Armature/Skeleton3D" index="80"]
transform = Transform3D(0.223868, 0.136008, 0.965083, -0.969894, 0.128477, 0.206878, -0.0958538, -0.982341, 0.160675, -2.79211, 4.00811, 4.79937)

[node name="Right Wrist Guard" parent="MeshRoot/Robot/Armature/Skeleton3D" index="81"]
transform = Transform3D(0.223868, 0.136008, 0.965083, -0.969894, 0.128477, 0.206878, -0.0958538, -0.982341, 0.160675, -2.56528, 3.84814, 3.85521)

[node name="Right Arm_011" parent="MeshRoot/Robot/Armature/Skeleton3D" index="82"]
transform = Transform3D(-0.158485, -0.208561, 0.965083, 0.949539, 0.235744, 0.206878, -0.27066, 0.949171, 0.160675, -2.42357, 3.58981, 3.00484)

[node name="Right Arm_010" parent="MeshRoot/Robot/Armature/Skeleton3D" index="83"]
transform = Transform3D(-0.158485, -0.208561, 0.965082, 0.949539, 0.235744, 0.206878, -0.27066, 0.949171, 0.160675, -2.3831, 3.54407, 2.82065)

[node name="Right Arm_009" parent="MeshRoot/Robot/Armature/Skeleton3D" index="84"]
transform = Transform3D(-0.158338, -0.208828, 0.965049, 0.949372, 0.236386, 0.206917, -0.271334, 0.948953, 0.160826, -2.3426, 3.49826, 2.6365)

[node name="Right Arm_007" parent="MeshRoot/Robot/Armature/Skeleton3D" index="85"]
transform = Transform3D(-0.0995416, -0.198347, 0.975064, 0.967303, 0.210444, 0.141558, -0.233274, 0.957273, 0.170914, -2.26194, 3.40639, 2.26803)

[node name="Right Arm_008" parent="MeshRoot/Robot/Armature/Skeleton3D" index="86"]
transform = Transform3D(-0.0995416, -0.198347, 0.975064, 0.967303, 0.210444, 0.141558, -0.233274, 0.957273, 0.170914, -2.30043, 3.44722, 2.45379)

[node name="Right Arm_006" parent="MeshRoot/Robot/Armature/Skeleton3D" index="87"]
transform = Transform3D(-0.140659, -0.218418, 0.965665, 0.945778, 0.25879, 0.196296, -0.292779, 0.940915, 0.170173, -2.22346, 3.36346, 2.09432)

[node name="Right Arm_005" parent="MeshRoot/Robot/Armature/Skeleton3D" index="88"]
transform = Transform3D(-0.160591, -0.204635, 0.965575, 0.95194, 0.226384, 0.206302, -0.260808, 0.952299, 0.158445, -2.17938, 3.31275, 1.89798)

[node name="Right Arm_004" parent="MeshRoot/Robot/Armature/Skeleton3D" index="89"]
transform = Transform3D(-0.158111, -0.209346, 0.964974, 0.94914, 0.237255, 0.206988, -0.272277, 0.948622, 0.161186, -2.13922, 3.26778, 1.71356)

[node name="Right Arm_003" parent="MeshRoot/Robot/Armature/Skeleton3D" index="90"]
transform = Transform3D(-0.15803, -0.209428, 0.96497, 0.949046, 0.237622, 0.206994, -0.272649, 0.948512, 0.161205, -2.09859, 3.22171, 1.5295)

[node name="Right Arm_002" parent="MeshRoot/Robot/Armature/Skeleton3D" index="91"]
transform = Transform3D(-0.15795, -0.208994, 0.965077, 0.948948, 0.238118, 0.206876, -0.273039, 0.948483, 0.160714, -2.05799, 3.17555, 1.34544)

[node name="Right Arm_001" parent="MeshRoot/Robot/Armature/Skeleton3D" index="92"]
transform = Transform3D(-0.15768, -0.2087, 0.965184, 0.948633, 0.239472, 0.206757, -0.274284, 0.948207, 0.160219, -2.01747, 3.12921, 1.16141)

[node name="Right Arm" parent="MeshRoot/Robot/Armature/Skeleton3D" index="93"]
transform = Transform3D(-0.159931, -0.209964, 0.96454, 0.951115, 0.228743, 0.207498, -0.264199, 0.950574, 0.163117, -1.97686, 3.08379, 0.977231)

[node name="Right Shoulder" parent="MeshRoot/Robot/Armature/Skeleton3D" index="94"]
transform = Transform3D(1, 1.30664e-05, 0.000387534, 8.67553e-05, 0.966578, -0.25637, -0.000377909, 0.25637, 0.966579, 0.00471389, 2.51341, 0.448688)

[node name="Hips" parent="MeshRoot/Robot/Armature/Skeleton3D" index="95"]
transform = Transform3D(0.998041, 4.42389e-05, 0.0625564, 0.00865164, 0.990292, -0.138731, -0.0619553, 0.139, 0.988352, 0.00464276, -0.322944, -0.148072)

[node name="AnimationTree" type="AnimationTree" parent="MeshRoot"]
root_node = NodePath("../Robot")
tree_root = SubResource("AnimationNodeBlendTree_0fiv8")
anim_player = NodePath("../Robot/AnimationPlayer")
parameters/is_gliding/blend_amount = 0.0
parameters/jump/active = false
parameters/jump/internal_active = false
parameters/jump/request = 0
parameters/movement_anim_speed/scale = 1.0
parameters/movement_blend/blend_position = 0.0
parameters/on_floor_blend/blend_amount = 0.0

[node name="Glider" parent="MeshRoot" node_paths=PackedStringArray("player") instance=ExtResource("11_inerc")]
transform = Transform3D(0.2, 0, 0, 0, 0.2, 0, 0, 0, 0.2, 0, 0, 0)
script = ExtResource("12_sntr0")
player = NodePath("../..")

[node name="CamRoot" type="Node3D" parent="." node_paths=PackedStringArray("player")]
transform = Transform3D(1, 0, 0, 0, 1, 0, 0, 0, 1, 0, 0.869557, 0)
script = ExtResource("13_j0ncc")
player = NodePath("..")

[node name="CamYaw" type="Node3D" parent="CamRoot"]

[node name="CamPitch" type="Node3D" parent="CamRoot/CamYaw"]

[node name="SpringArm3D" type="SpringArm3D" parent="CamRoot/CamYaw/CamPitch" node_paths=PackedStringArray("player")]
shape = SubResource("SphereShape3D_fbxo0")
spring_length = -3.0
script = ExtResource("14_jlokr")
player = NodePath("../../../..")

[node name="Camera3D" type="Camera3D" parent="CamRoot/CamYaw/CamPitch/SpringArm3D"]
transform = Transform3D(-1, 0, -8.74228e-08, 0, 1, 0, 8.74228e-08, 0, -1, 0, 0, 0)
current = true

[node name="HurtOverlay" type="TextureRect" parent="."]
modulate = Color(1, 1, 1, 0)
anchors_preset = 15
anchor_right = 1.0
anchor_bottom = 1.0
grow_horizontal = 2
grow_vertical = 2
texture = ExtResource("15_4lvj7")
expand_mode = 1

[node name="SpeedOverlay" type="ColorRect" parent="."]
modulate = Color(1, 1, 1, 0)
material = SubResource("ShaderMaterial_5ddcd")
anchors_preset = 15
anchor_right = 1.0
anchor_bottom = 1.0
grow_horizontal = 2
grow_vertical = 2
color = Color(0, 0, 0, 1)

[node name="HealthBar" type="ProgressBar" parent="." node_paths=PackedStringArray("timer", "damage_bar")]
z_index = 1
offset_left = 8.0
offset_top = 14.0
offset_right = 248.0
offset_bottom = 54.0
theme_override_fonts/font = SubResource("FontVariation_364hi")
theme_override_styles/background = SubResource("StyleBoxEmpty_ai30p")
theme_override_styles/fill = SubResource("StyleBoxFlat_dxccx")
value = 60.0
script = ExtResource("17_ic8d8")
timer = NodePath("Timer")
damage_bar = NodePath("DamageBar")

[node name="DamageBar" type="ProgressBar" parent="HealthBar"]
z_index = -1
layout_mode = 1
anchors_preset = 15
anchor_right = 1.0
anchor_bottom = 1.0
grow_horizontal = 2
grow_vertical = 2
theme_override_styles/background = SubResource("StyleBoxFlat_5ofko")
theme_override_styles/fill = SubResource("StyleBoxFlat_q6b0o")
value = 80.0
show_percentage = false

[node name="Timer" type="Timer" parent="HealthBar"]
wait_time = 0.4
one_shot = true

[node name="GameOverScreen" parent="." instance=ExtResource("18_pn5pv")]
visible = false

[node name="FallDamage" type="AudioStreamPlayer" parent="."]
stream = ExtResource("16_0wh5x")
pitch_scale = 0.75

[node name="SoundEffects" type="AudioStreamPlayer" parent="."]

[node name="Main Song" type="AudioStreamPlayer" parent="."]
stream = ExtResource("17_vstat")
volume_db = -10.0
pitch_scale = 0.75

[node name="StaminaMeter" type="ColorRect" parent="." node_paths=PackedStringArray("player")]
anchors_preset = -1
anchor_left = 0.097
anchor_top = 0.21
anchor_right = 0.097
anchor_bottom = 0.21
offset_left = 0.255997
offset_top = -0.0800018
offset_right = 0.255997
offset_bottom = -0.0800018
grow_horizontal = 2
grow_vertical = 2
script = ExtResource("21_0ngw6")
player = NodePath("..")

[node name="PauseMenu" parent="." instance=ExtResource("22_lstwq")]

[connection signal="pressed_glide" from="." to="AudioController" method="_glide"]
[connection signal="pressed_glide" from="." to="MovementController" method="_glide"]
[connection signal="pressed_glide" from="." to="AnimationController" method="_glide"]
[connection signal="pressed_glide" from="." to="MeshRoot/Glider" method="_glide"]
[connection signal="pressed_glide" from="." to="CamRoot" method="_glide"]
[connection signal="pressed_jump" from="." to="MovementController" method="_jump"]
[connection signal="pressed_jump" from="." to="AnimationController" method="_jump"]
[connection signal="set_movement_direction" from="." to="MovementController" method="_on_set_movement_direction"]
[connection signal="set_movement_state" from="." to="MovementController" method="_on_set_movement_state"]
