[gd_scene load_steps=41 format=3 uid="uid://bd2s4wf2tu7sm"]

[ext_resource type="Script" path="res://Scenes/Models/Player/Player.gd" id="1_dvppb"]
[ext_resource type="Resource" uid="uid://c08l7gnjmjaqu" path="res://Scenes/Models/Player/MovementStates/run.tres" id="2_mml65"]
[ext_resource type="Resource" uid="uid://difpuuckqhvsv" path="res://Scenes/Models/Player/MovementStates/stand.tres" id="3_moa87"]
[ext_resource type="Resource" uid="uid://brvevs4yorhgf" path="res://Scenes/Models/Player/MovementStates/walk.tres" id="4_vttyl"]
[ext_resource type="Resource" uid="uid://bl52gdpkd3csn" path="res://Scenes/Models/Player/JumpStates/jump.tres" id="5_qm2u8"]
[ext_resource type="Resource" uid="uid://dnvfiisdtrht" path="res://Scenes/Models/Player/GlideStates/glide.tres" id="6_mtxa7"]
[ext_resource type="Script" path="res://Scenes/Models/Player/audio_controller.gd" id="7_7iij5"]
[ext_resource type="Script" path="res://Scenes/Models/Player/movement_controller.gd" id="8_j5sic"]
[ext_resource type="Script" path="res://Scenes/Models/Player/animation_controller.gd" id="9_eodew"]
[ext_resource type="PackedScene" uid="uid://bhdvfievnjoad" path="res://Scenes/Models/Player/Player.tscn" id="10_5kxhf"]
[ext_resource type="PackedScene" uid="uid://enjqiqwhpu7" path="res://Scenes/Models/Player/Glider.tscn" id="11_inerc"]
[ext_resource type="Script" path="res://Scenes/Models/Player/Glider.gd" id="12_sntr0"]
[ext_resource type="Script" path="res://Scenes/Models/Player/camera_controller.gd" id="13_j0ncc"]
[ext_resource type="Script" path="res://Scenes/Models/Player/SpringArm3D.gd" id="14_jlokr"]
[ext_resource type="Texture2D" uid="uid://dt0nnojl3rji0" path="res://Assets/Character/Textures/Damage Overlay.png" id="15_4lvj7"]
[ext_resource type="AudioStream" uid="uid://pt0u3r8i0vdg" path="res://Assets/Sound/Effects/damage.wav" id="16_0wh5x"]
[ext_resource type="Shader" path="res://Scenes/Models/Player/SpeedOverlay.gdshader" id="16_1v2vt"]
[ext_resource type="Script" path="res://Scenes/Models/Player/HealthBar.gd" id="17_ic8d8"]
[ext_resource type="AudioStream" uid="uid://0mnwvfvadsp4" path="res://Assets/Sound/Music/Song 1.wav" id="17_vstat"]

[sub_resource type="CapsuleShape3D" id="CapsuleShape3D_ny02q"]

[sub_resource type="AnimationNodeAnimation" id="AnimationNodeAnimation_uhh3q"]
animation = &"Falling"

[sub_resource type="AnimationNodeAnimation" id="AnimationNodeAnimation_4lju0"]
animation = &"Glide"

[sub_resource type="AnimationNodeAnimation" id="AnimationNodeAnimation_6t4by"]
animation = &"Jump"

[sub_resource type="AnimationNodeBlend2" id="AnimationNodeBlend2_p55mh"]

[sub_resource type="AnimationNodeOneShot" id="AnimationNodeOneShot_rmhht"]

[sub_resource type="AnimationNodeTimeScale" id="AnimationNodeTimeScale_qoddc"]

[sub_resource type="AnimationNodeAnimation" id="AnimationNodeAnimation_sivxs"]
animation = &"Idle"

[sub_resource type="AnimationNodeAnimation" id="AnimationNodeAnimation_wbm5n"]
animation = &"Walk"

[sub_resource type="AnimationNodeAnimation" id="AnimationNodeAnimation_ci5d5"]
animation = &"Running"

[sub_resource type="AnimationNodeBlendSpace1D" id="AnimationNodeBlendSpace1D_h2nin"]
blend_point_0/node = SubResource("AnimationNodeAnimation_sivxs")
blend_point_0/pos = 0.0
blend_point_1/node = SubResource("AnimationNodeAnimation_wbm5n")
blend_point_1/pos = 1.0
blend_point_2/node = SubResource("AnimationNodeAnimation_ci5d5")
blend_point_2/pos = 2.0
min_space = 0.0
max_space = 3.0
snap = 1.0

[sub_resource type="AnimationNodeBlend2" id="AnimationNodeBlend2_gxhi5"]

[sub_resource type="AnimationNodeBlendTree" id="AnimationNodeBlendTree_0fiv8"]
graph_offset = Vector2(39.6885, 312.508)
nodes/Animation/node = SubResource("AnimationNodeAnimation_6t4by")
nodes/Animation/position = Vector2(400, 400)
"nodes/Animation 2/node" = SubResource("AnimationNodeAnimation_uhh3q")
"nodes/Animation 2/position" = Vector2(120, 620)
"nodes/Animation 3/node" = SubResource("AnimationNodeAnimation_4lju0")
"nodes/Animation 3/position" = Vector2(140, 740)
nodes/is_gliding/node = SubResource("AnimationNodeBlend2_p55mh")
nodes/is_gliding/position = Vector2(660, 580)
nodes/jump/node = SubResource("AnimationNodeOneShot_rmhht")
nodes/jump/position = Vector2(1200, 520)
nodes/movement_anim_speed/node = SubResource("AnimationNodeTimeScale_qoddc")
nodes/movement_anim_speed/position = Vector2(660, 1000)
nodes/movement_blend/node = SubResource("AnimationNodeBlendSpace1D_h2nin")
nodes/movement_blend/position = Vector2(400, 1040)
nodes/on_floor_blend/node = SubResource("AnimationNodeBlend2_gxhi5")
nodes/on_floor_blend/position = Vector2(1580, 720)
nodes/output/position = Vector2(1860, 660)
node_connections = [&"is_gliding", 0, &"Animation 2", &"is_gliding", 1, &"Animation 3", &"jump", 0, &"movement_anim_speed", &"jump", 1, &"Animation", &"movement_anim_speed", 0, &"movement_blend", &"on_floor_blend", 0, &"is_gliding", &"on_floor_blend", 1, &"jump", &"output", 0, &"on_floor_blend"]

[sub_resource type="SphereShape3D" id="SphereShape3D_fbxo0"]
radius = 0.07

[sub_resource type="FastNoiseLite" id="FastNoiseLite_aw0s0"]

[sub_resource type="NoiseTexture2D" id="NoiseTexture2D_ow4ag"]
width = 1024
height = 1024
noise = SubResource("FastNoiseLite_aw0s0")

[sub_resource type="ShaderMaterial" id="ShaderMaterial_5ddcd"]
shader = ExtResource("16_1v2vt")
shader_parameter/line_color = Color(0.509286, 0.509286, 0.509286, 1)
shader_parameter/line_count = 2.0
shader_parameter/line_density = 0.135
shader_parameter/line_falloff = 0.827
shader_parameter/mask_size = 0.299
shader_parameter/mask_edge = 0.367
shader_parameter/animation_speed = 3.74
shader_parameter/noise = SubResource("NoiseTexture2D_ow4ag")

[sub_resource type="StyleBoxEmpty" id="StyleBoxEmpty_ai30p"]

[sub_resource type="StyleBoxFlat" id="StyleBoxFlat_dxccx"]
bg_color = Color(0.452292, 0.663102, 0.44814, 1)

[sub_resource type="StyleBoxFlat" id="StyleBoxFlat_5ofko"]
bg_color = Color(0.262932, 0.262932, 0.262932, 1)
expand_margin_left = 5.0
expand_margin_top = 5.0
expand_margin_right = 5.0
expand_margin_bottom = 5.0
shadow_color = Color(0, 0, 0, 0.27451)
shadow_offset = Vector2(0, 1)

[sub_resource type="StyleBoxFlat" id="StyleBoxFlat_q6b0o"]
bg_color = Color(0.811075, 0.856637, 0.833661, 1)

[node name="Player" type="CharacterBody3D"]
transform = Transform3D(1, 0, 0, 0, 1, 0, 0, 0, 1, 0, 1, 0)
script = ExtResource("1_dvppb")
movement_states = {
"run": ExtResource("2_mml65"),
"stand": ExtResource("3_moa87"),
"walk": ExtResource("4_vttyl")
}
jump_states = {
"jump": ExtResource("5_qm2u8")
}
glide_states = {
"glide": ExtResource("6_mtxa7")
}

[node name="AudioController" type="Node" parent="." node_paths=PackedStringArray("fall_damage_player", "main_song", "sound_effects", "player")]
script = ExtResource("7_7iij5")
fall_damage_player = NodePath("../FallDamage")
main_song = NodePath("../Main Song")
sound_effects = NodePath("../SoundEffects")
player = NodePath("..")

[node name="MovementController" type="Node" parent="." node_paths=PackedStringArray("player", "mesh_root", "hurt_overlay", "speed_overlay", "health_bar", "skeleton")]
script = ExtResource("8_j5sic")
player = NodePath("..")
mesh_root = NodePath("../MeshRoot")
hurt_overlay = NodePath("../HurtOverlay")
speed_overlay = NodePath("../SpeedOverlay")
health_bar = NodePath("../HealthBar")
skeleton = NodePath("../MeshRoot/Robot/Armature/Skeleton3D")
glide_states = {
"glide": ExtResource("6_mtxa7")
}

[node name="AnimationController" type="Node" parent="." node_paths=PackedStringArray("animation_tree", "player")]
script = ExtResource("9_eodew")
animation_tree = NodePath("../MeshRoot/AnimationTree")
player = NodePath("..")

[node name="CollisionShape3D" type="CollisionShape3D" parent="."]
shape = SubResource("CapsuleShape3D_ny02q")

[node name="MeshRoot" type="Node3D" parent="."]

[node name="Robot" parent="MeshRoot" instance=ExtResource("10_5kxhf")]
transform = Transform3D(1, 0, 0, 0, 1, 0, 0, 0, 1, 0, -1.02912, 0)

[node name="Skeleton3D" parent="MeshRoot/Robot/Armature" index="0"]
bones/1/position = Vector3(2.455, 8.68225, 3.16529)
bones/3/position = Vector3(-2.46437, 8.68225, 3.16529)
bones/5/position = Vector3(0, 5.70156, 0)
bones/5/rotation = Quaternion(0.0703003, 0, 0, 0.997526)
bones/7/rotation = Quaternion(-0.446604, 0.0896913, 0.0563752, 0.888438)
bones/8/rotation = Quaternion(8.71512e-08, 1.20553e-07, -0.0940044, 0.995572)
bones/9/rotation = Quaternion(3.49668e-08, -2.35898e-07, -0.069648, 0.997572)
bones/10/rotation = Quaternion(2.1202e-08, 2.36807e-07, -0.0414713, 0.99914)
bones/11/rotation = Quaternion(-1.17175e-05, -0.0019178, -0.0061122, 0.999979)
bones/12/rotation = Quaternion(6.03258e-05, 0.00191677, 0.0314645, 0.999503)
bones/13/rotation = Quaternion(-4.26343e-08, 1.17406e-07, 0.0720011, 0.997405)
bones/14/rotation = Quaternion(-1.17058e-07, 3.55289e-07, 0.109269, 0.994012)
bones/15/rotation = Quaternion(0.00123823, -0.00904344, 0.13567, 0.990712)
bones/16/rotation = Quaternion(0.00204883, 0.00889442, 0.224474, 0.974437)
bones/31/position = Vector3(-1.19811, 2.99611, -2.21052)
bones/32/position = Vector3(0.0409813, -0.261409, -5.76169e-05)
bones/32/rotation = Quaternion(0.000113419, 0.000698987, 0.160203, 0.987084)
bones/42/position = Vector3(-2.74166, 2.22564, -1.57642)
bones/43/position = Vector3(-0.0409653, -0.261383, -5.77883e-05)
bones/43/rotation = Quaternion(-0.000157933, -0.000690231, 0.223101, 0.974795)
bones/52/rotation = Quaternion(-0.378192, 0.257059, 0.527622, 0.715896)
bones/53/rotation = Quaternion(4.31131e-08, -1.0277e-07, 0.105619, 0.994407)
bones/54/rotation = Quaternion(4.24489e-08, 2.37927e-07, 0.0785519, 0.99691)
bones/55/rotation = Quaternion(2.47252e-08, -2.39078e-07, 0.0468809, 0.998901)
bones/56/rotation = Quaternion(-1.3819e-05, 0.00191779, 0.00720692, 0.999972)
bones/57/rotation = Quaternion(6.81648e-05, -0.00191651, -0.0355558, 0.999366)
bones/58/rotation = Quaternion(-5.69287e-08, -1.20309e-07, -0.0811494, 0.996702)
bones/59/rotation = Quaternion(-1.42376e-07, -3.57055e-07, -0.122642, 0.992451)
bones/60/rotation = Quaternion(0.00138569, 0.00902202, -0.151828, 0.988365)
bones/61/rotation = Quaternion(0.00220696, -0.00885648, -0.2418, 0.970283)
bones/76/rotation = Quaternion(0.0592395, -0.000235748, 0.00724406, 0.998218)
bones/79/rotation = Quaternion(0.204454, 1.8869e-06, 8.4295e-05, 0.978876)
bones/87/rotation = Quaternion(-0.000896317, 0.00168269, -0.717235, 0.696829)
bones/88/rotation = Quaternion(-0.00494084, 7.14921e-05, 0.297733, 0.954636)
bones/89/rotation = Quaternion(0.522807, -0.427434, -0.114417, 0.728617)
bones/90/rotation = Quaternion(-0.00207246, -0.00334011, -0.00783028, 0.999962)
bones/91/rotation = Quaternion(0.00182163, 2.00848e-07, 0.00680353, 0.999975)
bones/92/rotation = Quaternion(-0.000194959, 4.84237e-06, -0.000390787, 1)
bones/93/rotation = Quaternion(-0.000286623, 4.71048e-06, -0.000444881, 1)
bones/94/rotation = Quaternion(5.61461e-05, -1.05998e-07, -0.000615754, 1)
bones/95/rotation = Quaternion(0.00155009, -2.91675e-06, -0.00580586, 0.999982)
bones/96/rotation = Quaternion(-0.00497294, 0.000658843, 0.0190801, 0.999805)
bones/97/rotation = Quaternion(0.00869774, 0.0397979, -0.0283107, 0.998769)
bones/98/rotation = Quaternion(-0.00666238, -0.04047, 0.0217891, 0.998921)
bones/99/rotation = Quaternion(0.00171292, -3.04611e-07, -0.00655342, 0.999977)
bones/100/rotation = Quaternion(0.000179275, -2.51457e-08, -0.000698349, 1)
bones/102/rotation = Quaternion(-6.28291e-09, -7.81915e-08, 0.00604859, 0.999982)
bones/105/rotation = Quaternion(-6.62427e-10, 1.44506e-07, 0.00087978, 1)
bones/109/rotation = Quaternion(-8.77514e-08, 3.3197e-07, 0.0640607, 0.997946)
bones/110/rotation = Quaternion(1.39102e-08, -8.02659e-08, -0.00846498, 0.999964)
bones/111/rotation = Quaternion(-1.23116e-10, 1.42563e-07, 3.92348e-05, 1)
bones/115/rotation = Quaternion(5.14655e-08, 4.24464e-07, -0.0351677, 0.999381)
bones/121/rotation = Quaternion(7.624e-07, 8.13779e-07, -0.396704, 0.917946)
bones/122/rotation = Quaternion(2.39691e-09, -5.35418e-08, -0.0011728, 0.999999)
bones/140/rotation = Quaternion(-0.00108472, -0.00157224, 0.707184, 0.707027)
bones/141/rotation = Quaternion(-0.00484098, -0.000232663, -0.297911, 0.954581)
bones/142/rotation = Quaternion(0.522643, 0.427065, 0.114971, 0.728863)
bones/143/rotation = Quaternion(-0.00161217, 0.000125805, 0.00566776, 0.999983)
bones/144/rotation = Quaternion(0.00152979, -1.66975e-07, -0.0053136, 0.999985)
bones/145/rotation = Quaternion(-0.000259948, -4.92711e-06, 0.000656254, 1)
bones/146/rotation = Quaternion(-0.00025809, -4.8241e-06, 0.000205244, 1)
bones/147/rotation = Quaternion(9.99786e-06, 2.00035e-07, 0.000196448, 1)
bones/148/rotation = Quaternion(0.00144456, 3.05097e-06, 0.00603126, 0.999981)
bones/149/rotation = Quaternion(-0.0042737, -0.00641461, -0.0179905, 0.999808)
bones/150/rotation = Quaternion(0.00728551, -0.0268001, 0.0264981, 0.999263)
bones/151/rotation = Quaternion(-0.00563094, 0.0332222, -0.0210139, 0.999211)
bones/152/rotation = Quaternion(0.00160057, 3.19791e-07, 0.00690656, 0.999975)
bones/153/rotation = Quaternion(7.9737e-05, 2.70083e-08, 0.000355281, 1)
bones/155/rotation = Quaternion(-6.09949e-09, 7.80795e-08, -0.0060486, 0.999982)
bones/156/rotation = Quaternion(-1.56508e-07, -1.89241e-07, -0.133093, 0.991104)
bones/157/rotation = Quaternion(-1.45058e-08, -2.28915e-08, -0.00825755, 0.999966)
bones/158/rotation = Quaternion(-6.41562e-10, -1.4453e-07, -0.00087978, 1)
bones/162/rotation = Quaternion(-8.27381e-08, -3.3349e-07, -0.0640607, 0.997946)
bones/168/rotation = Quaternion(4.92962e-08, -4.23882e-07, 0.0351676, 0.999381)
bones/169/rotation = Quaternion(1.06161e-08, -8.55839e-08, 0.00496715, 0.999988)
bones/170/rotation = Quaternion(1.42861e-08, -3.03825e-08, 0.00712437, 0.999975)
bones/174/rotation = Quaternion(7.5165e-07, -8.11006e-07, 0.396704, 0.917946)
bones/175/rotation = Quaternion(1.22299e-10, 5.35334e-08, 0.00117277, 0.999999)

[node name="Lower Left Leg" parent="MeshRoot/Robot/Armature/Skeleton3D" index="0"]
transform = Transform3D(0.998281, -0.0245362, -0.0532325, -0.0302912, 0.561547, -0.82689, 0.0501811, 0.827081, 0.559839, 0.921519, -2.88304, -1.16236)

[node name="Left Leg Joint Cutouts" parent="MeshRoot/Robot/Armature/Skeleton3D" index="1"]
transform = Transform3D(0.998281, -0.0245362, -0.0532325, -0.0302912, 0.561547, -0.82689, 0.0501811, 0.827081, 0.559839, 0.902797, -2.37745, -0.536728)

[node name="Lower Left Leg Joint" parent="MeshRoot/Robot/Armature/Skeleton3D" index="2"]
transform = Transform3D(0.998281, -0.0245362, -0.0532325, -0.0302912, 0.561547, -0.82689, 0.0501811, 0.827081, 0.559839, 0.910827, -2.28891, -0.413607)

[node name="Lower Left Leg Joint" parent="MeshRoot/Robot/Armature/Skeleton3D/Lower Left Leg Joint" index="0"]
transform = Transform3D(1, -3.72529e-09, -3.72529e-09, -1.86265e-09, 1, -2.98023e-08, 0, -2.98023e-08, 1, 0, 0, 0)

[node name="Lower Left Leg Light" parent="MeshRoot/Robot/Armature/Skeleton3D" index="3"]
transform = Transform3D(0.998281, -0.0245362, -0.0532325, -0.0302912, 0.561547, -0.82689, 0.0501811, 0.827081, 0.559839, 1.21387, -2.63993, -1.12779)

[node name="Limb Segment_018" parent="MeshRoot/Robot/Armature/Skeleton3D" index="4"]
transform = Transform3D(0.998099, -0.0191045, 0.0586032, -0.0458092, -0.866041, 0.49787, 0.041241, -0.499608, -0.865269, 0.919301, -1.40536, 0.174666)

[node name="Limb Segment_017" parent="MeshRoot/Robot/Armature/Skeleton3D" index="5"]
transform = Transform3D(0.998285, -0.0166612, 0.056115, -0.0300247, -0.96867, 0.24653, 0.0502493, -0.247792, -0.967509, 0.917562, -1.33334, -0.00457622)

[node name="Limb Segment_016" parent="MeshRoot/Robot/Armature/Skeleton3D" index="6"]
transform = Transform3D(0.996803, -0.0614202, 0.0510954, -0.0630156, -0.997555, 0.0302213, 0.0491141, -0.0333445, -0.998237, 0.939549, -1.31967, -0.110085)

[node name="Limb Segment_015" parent="MeshRoot/Robot/Armature/Skeleton3D" index="7"]
transform = Transform3D(0.998172, -0.0386789, 0.0464416, -0.0331925, -0.992973, -0.113589, 0.0505086, 0.11184, -0.992442, 0.933627, -1.32186, -0.147739)

[node name="Limb Segment_014" parent="MeshRoot/Robot/Armature/Skeleton3D" index="8"]
transform = Transform3D(0.997882, -0.0478245, 0.0440998, -0.0393713, -0.983634, -0.175826, 0.0517866, 0.173717, -0.983433, 0.933957, -1.32276, -0.150034)

[node name="Limb Segment_013" parent="MeshRoot/Robot/Armature/Skeleton3D" index="9"]
transform = Transform3D(0.997575, -0.0534549, 0.0445684, -0.0454876, -0.985447, -0.163785, 0.0526747, 0.16136, -0.985489, 0.933001, -1.32359, -0.151992)

[node name="Limb Segment_012" parent="MeshRoot/Robot/Armature/Skeleton3D" index="10"]
transform = Transform3D(0.997724, -0.0190631, 0.0646868, -0.013723, -0.996537, -0.0820151, 0.0660261, 0.0809407, -0.99453, 0.945114, -1.32761, -0.180093)

[node name="Limb Segment_011" parent="MeshRoot/Robot/Armature/Skeleton3D" index="11"]
transform = Transform3D(0.998493, -0.0428258, 0.0343387, -0.0447774, -0.997298, 0.0582372, 0.0317516, -0.0596869, -0.997712, 0.932956, -1.32829, -0.25215)

[node name="Limb Segment_003" parent="MeshRoot/Robot/Armature/Skeleton3D" index="12"]
transform = Transform3D(0.996995, -0.0112367, 0.0766468, -0.0295938, -0.969626, 0.242796, 0.0715903, -0.244335, -0.967045, 0.95398, -1.30999, -0.374537)

[node name="Left Foot" parent="MeshRoot/Robot/Armature/Skeleton3D" index="13"]
transform = Transform3D(0.999982, -1.57114e-06, 0.00605715, 0.00176242, 0.956804, -0.290729, -0.00579531, 0.290735, 0.956786, 0.925029, -3.74777, -1.30953)

[node name="Foot_005" parent="MeshRoot/Robot/Armature/Skeleton3D" index="14"]
transform = Transform3D(0.999982, -1.57114e-06, 0.00605715, 0.00176242, 0.956804, -0.290729, -0.00579531, 0.290735, 0.956786, 0.940109, -3.1084, -1.41498)

[node name="Foot_006" parent="MeshRoot/Robot/Armature/Skeleton3D" index="15"]
transform = Transform3D(0.999982, -1.57114e-06, 0.00605715, 0.00176242, 0.956804, -0.290729, -0.00579531, 0.290735, 0.956786, 0.943911, -4.18534, -1.08654)

[node name="Foot_007" parent="MeshRoot/Robot/Armature/Skeleton3D" index="16"]
transform = Transform3D(0.999982, -1.57114e-06, 0.00605715, 0.00176242, 0.956804, -0.290729, -0.00579531, 0.290735, 0.956786, 0.936816, -3.84479, -2.20729)

[node name="Left Foot Joint" parent="MeshRoot/Robot/Armature/Skeleton3D" index="17"]
transform = Transform3D(0.999982, -1.57114e-06, 0.00605715, 0.00176242, 0.956804, -0.290729, -0.00579531, 0.290735, 0.956786, 1.36246, -3.38154, -1.48596)

[node name="Right Foot" parent="MeshRoot/Robot/Armature/Skeleton3D" index="18"]
transform = Transform3D(0.999962, 3.62052e-07, -0.00872141, 0.00400236, 0.888474, 0.45891, 0.00774903, -0.458927, 0.88844, -0.916612, -2.54154, 2.8835)

[node name="Foot" parent="MeshRoot/Robot/Armature/Skeleton3D" index="19"]
transform = Transform3D(0.999962, 3.62052e-07, -0.00872141, 0.00400236, 0.888474, 0.45891, 0.00774903, -0.458927, 0.88844, -0.93093, -2.15689, 2.36199)

[node name="Foot_001" parent="MeshRoot/Robot/Armature/Skeleton3D" index="20"]
transform = Transform3D(0.999962, 3.62052e-07, -0.00872141, 0.00400236, 0.888474, 0.45891, 0.00774903, -0.458927, 0.88844, -0.936401, -2.69964, 3.34844)

[node name="Foot_002" parent="MeshRoot/Robot/Armature/Skeleton3D" index="21"]
transform = Transform3D(0.999962, 3.62052e-07, -0.00872141, 0.00400236, 0.888474, 0.45891, 0.00774903, -0.458927, 0.88844, -0.926185, -3.2372, 2.30775)

[node name="Right Foot Joint" parent="MeshRoot/Robot/Armature/Skeleton3D" index="22"]
transform = Transform3D(0.999962, 3.62052e-07, -0.00872141, 0.00400236, 0.888474, 0.45891, 0.00774903, -0.458927, 0.88844, -1.35331, -2.40265, 2.50062)

[node name="Lower Right Leg" parent="MeshRoot/Robot/Armature/Skeleton3D" index="23"]
transform = Transform3D(0.999118, -0.0189982, -0.0374629, 0.0318796, 0.923703, 0.38178, 0.0273515, -0.382638, 0.923494, -0.951064, -1.82088, 1.94216)

[node name="Lower Right Leg Joint" parent="MeshRoot/Robot/Armature/Skeleton3D" index="24"]
transform = Transform3D(0.999118, -0.0189982, -0.0374629, 0.0318796, 0.923703, 0.38178, 0.0273515, -0.382638, 0.923494, -0.975388, -0.968019, 1.51115)

[node name="Lower Right Leg Light" parent="MeshRoot/Robot/Armature/Skeleton3D" index="25"]
transform = Transform3D(0.999118, -0.0189982, -0.0374629, 0.0318796, 0.923703, 0.38178, 0.0273515, -0.382638, 0.923494, -1.23264, -1.75941, 1.69176)

[node name="Right Leg Joint Cutouts" parent="MeshRoot/Robot/Armature/Skeleton3D" index="26"]
transform = Transform3D(0.999118, -0.0189982, -0.0374629, 0.0318796, 0.923703, 0.38178, 0.0273515, -0.382638, 0.923494, -0.961187, -1.10566, 1.57372)

[node name="Limb Segment_010" parent="MeshRoot/Robot/Armature/Skeleton3D" index="27"]
transform = Transform3D(-0.998972, 0.0170896, -0.0419963, -0.0432734, -0.635852, 0.770598, -0.0135343, 0.771622, 0.635937, -0.988943, -0.237158, 0.743311)

[node name="Limb Segment_009" parent="MeshRoot/Robot/Armature/Skeleton3D" index="28"]
transform = Transform3D(-0.999114, -0.0136473, -0.0398197, -0.0317762, -0.375891, 0.926119, -0.0276069, 0.926564, 0.375124, -0.967098, -0.422283, 0.633623)

[node name="Limb Segment_008" parent="MeshRoot/Robot/Armature/Skeleton3D" index="29"]
transform = Transform3D(-0.999324, 0.0100906, -0.0353659, -0.0364212, -0.138008, 0.989761, 0.00510648, 0.99038, 0.138282, -0.978776, -0.539351, 0.601987)

[node name="Limb Segment_007" parent="MeshRoot/Robot/Armature/Skeleton3D" index="30"]
transform = Transform3D(-0.999196, -0.0251668, -0.0312346, -0.0318129, 0.0229054, 0.999232, -0.0244321, 0.999421, -0.0236877, -0.969636, -0.581307, 0.600607)

[node name="Limb Segment_006" parent="MeshRoot/Robot/Armature/Skeleton3D" index="31"]
transform = Transform3D(-0.999354, -0.0210123, -0.0291592, -0.0310124, 0.0940572, 0.995084, -0.0181664, 0.995345, -0.0946482, -0.969807, -0.584059, 0.601124)

[node name="Limb Segment_005" parent="MeshRoot/Robot/Armature/Skeleton3D" index="32"]
transform = Transform3D(-0.999459, -0.014406, -0.0295918, -0.030651, 0.0798965, 0.996332, -0.0119889, 0.996699, -0.0802949, -0.96873, -0.586353, 0.601852)

[node name="Limb Segment_004" parent="MeshRoot/Robot/Armature/Skeleton3D" index="33"]
transform = Transform3D(-0.999168, -0.024977, -0.0322556, -0.0319084, -0.014188, 0.99939, -0.0254194, 0.999588, 0.0133791, -0.972465, -0.619391, 0.603482)

[node name="Limb Segment_001" parent="MeshRoot/Robot/Armature/Skeleton3D" index="34"]
transform = Transform3D(-0.999072, -0.0235337, -0.0360716, -0.0315374, -0.17066, 0.984825, -0.0293326, 0.985049, 0.16976, -0.971741, -0.699216, 0.596526)

[node name="Limb Segment_002" parent="MeshRoot/Robot/Armature/Skeleton3D" index="35"]
transform = Transform3D(-0.999208, 0.0012593, -0.0397876, -0.0373835, -0.373148, 0.927018, -0.0136793, 0.927771, 0.372899, -0.955274, -0.833894, 0.558945)

[node name="Head_2" parent="MeshRoot/Robot/Armature/Skeleton3D" index="36"]
transform = Transform3D(1, 3.57838e-06, 0.000387767, 0.000238323, 0.783152, -0.62183, -0.000305906, 0.621831, 0.783152, 0.00482485, 4.09459, 1.52418)

[node name="Inner Eye Lights" parent="MeshRoot/Robot/Armature/Skeleton3D" index="37"]
transform = Transform3D(1, 0.000387767, -3.57838e-06, 0.000238323, -0.62183, -0.783152, -0.000305906, 0.783152, -0.621831, 0.00501836, 3.8353, 1.94523)

[node name="Lights 2" parent="MeshRoot/Robot/Armature/Skeleton3D" index="38"]
transform = Transform3D(1, 0.000387767, -3.57838e-06, 0.000238323, -0.62183, -0.783152, -0.000305906, 0.783152, -0.621831, 0.00500979, 3.83803, 1.91993)

[node name="Right Arm_012" parent="MeshRoot/Robot/Armature/Skeleton3D" index="39"]
transform = Transform3D(1, 1.3768e-05, 0.000387533, 8.60442e-05, 0.966578, -0.25637, -0.000378111, 0.25637, 0.966579, -0.0203262, 3.46228, 0.673417)

[node name="Main Body_2" parent="MeshRoot/Robot/Armature/Skeleton3D" index="40"]
transform = Transform3D(0.999587, 2.57424e-05, -0.0287259, -0.0073659, 0.966795, -0.255448, 0.0277655, 0.255554, 0.966396, 0.00471405, 2.51341, 0.448688)

[node name="Reactor Casing" parent="MeshRoot/Robot/Armature/Skeleton3D" index="41"]
transform = Transform3D(0.999587, 2.57424e-05, -0.0287259, -0.0073659, 0.966795, -0.255448, 0.0277655, 0.255554, 0.966396, -0.040391, 2.1839, 1.98511)

[node name="Reactor" parent="MeshRoot/Robot/Armature/Skeleton3D" index="42"]
transform = Transform3D(0.999587, 2.57424e-05, -0.0287259, -0.0073659, 0.966795, -0.255448, 0.0277655, 0.255554, 0.966396, -0.0421835, 2.19392, 2.0523)

[node name="Finger End 1_001" parent="MeshRoot/Robot/Armature/Skeleton3D" index="43"]
transform = Transform3D(0.237312, -0.130597, -0.962615, 0.965203, 0.143757, 0.218446, 0.109854, -0.980959, 0.160167, 2.9953, 4.49146, 5.04554)

[node name="Finger Middle 1_001" parent="MeshRoot/Robot/Armature/Skeleton3D" index="44"]
transform = Transform3D(0.237311, -0.130597, -0.962615, 0.965202, 0.143757, 0.218446, 0.109854, -0.980958, 0.160167, 2.92827, 4.36025, 4.82166)

[node name="Finger Base 1_001" parent="MeshRoot/Robot/Armature/Skeleton3D" index="45"]
transform = Transform3D(0.237311, -0.130597, -0.962615, 0.965202, 0.143756, 0.218446, 0.109853, -0.980958, 0.160167, 2.85903, 4.22396, 4.58972)

[node name="Finger End 2_001" parent="MeshRoot/Robot/Armature/Skeleton3D" index="46"]
transform = Transform3D(0.237311, -0.130597, -0.962615, 0.965202, 0.143756, 0.218446, 0.109853, -0.980958, 0.160167, 2.95456, 4.20841, 5.18675)

[node name="Finger Middle 2_001" parent="MeshRoot/Robot/Armature/Skeleton3D" index="47"]
transform = Transform3D(0.237311, -0.130597, -0.962615, 0.965202, 0.143756, 0.218446, 0.109854, -0.980958, 0.160167, 2.89314, 4.11685, 4.94247)

[node name="Finger Base 2_001" parent="MeshRoot/Robot/Armature/Skeleton3D" index="48"]
transform = Transform3D(0.237312, -0.130596, -0.962615, 0.965202, 0.143757, 0.218446, 0.109855, -0.980958, 0.160167, 2.83251, 4.02461, 4.69788)

[node name="Finger End 3_001" parent="MeshRoot/Robot/Armature/Skeleton3D" index="49"]
transform = Transform3D(0.239031, -0.130201, -0.962243, 0.964374, 0.147502, 0.219602, 0.11334, -0.980454, 0.16082, 2.89971, 3.9087, 5.26773)

[node name="Finger Middle 3_001" parent="MeshRoot/Robot/Armature/Skeleton3D" index="50"]
transform = Transform3D(0.239032, -0.130201, -0.962243, 0.964375, 0.147504, 0.219602, 0.113342, -0.980455, 0.16082, 2.84685, 3.86568, 5.00853)

[node name="Finger Base 3_001" parent="MeshRoot/Robot/Armature/Skeleton3D" index="51"]
transform = Transform3D(0.239032, -0.130201, -0.962243, 0.964374, 0.147504, 0.219602, 0.113342, -0.980454, 0.16082, 2.78891, 3.81679, 4.72197)

[node name="Finger End 4_001" parent="MeshRoot/Robot/Armature/Skeleton3D" index="52"]
transform = Transform3D(0.239031, -0.130201, -0.962243, 0.964374, 0.147502, 0.219602, 0.11334, -0.980454, 0.16082, 2.73282, 3.43474, 4.9144)

[node name="Finger Base 4_001" parent="MeshRoot/Robot/Armature/Skeleton3D" index="53"]
transform = Transform3D(0.239032, -0.130201, -0.962243, 0.964374, 0.147503, 0.219602, 0.113341, -0.980454, 0.160821, 2.7288, 3.62124, 4.60872)

[node name="Left Hand_001" parent="MeshRoot/Robot/Armature/Skeleton3D" index="54"]
transform = Transform3D(0.238307, -0.130704, -0.962354, 0.965288, 0.140948, 0.21989, 0.106901, -0.981351, 0.159756, 2.79519, 3.96267, 4.80142)

[node name="Left Wrist Guard" parent="MeshRoot/Robot/Armature/Skeleton3D" index="55"]
transform = Transform3D(0.238307, -0.130704, -0.962354, 0.965288, 0.140948, 0.21989, 0.106901, -0.981351, 0.159756, 2.56941, 3.80943, 3.8665)

[node name="Left Arm_011" parent="MeshRoot/Robot/Armature/Skeleton3D" index="56"]
transform = Transform3D(0.238307, -0.130704, -0.962354, 0.965288, 0.140948, 0.21989, 0.106902, -0.981351, 0.159756, 2.42862, 3.56189, 3.01265)

[node name="Left Arm_010" parent="MeshRoot/Robot/Armature/Skeleton3D" index="57"]
transform = Transform3D(0.238307, -0.130704, -0.962354, 0.965288, 0.140949, 0.21989, 0.106902, -0.981351, 0.159756, 2.38808, 3.51872, 2.82786)

[node name="Left Arm_009" parent="MeshRoot/Robot/Armature/Skeleton3D" index="58"]
transform = Transform3D(0.238253, -0.131357, -0.962279, 0.965455, 0.139673, 0.219973, 0.10551, -0.981446, 0.160097, 2.34749, 3.47544, 2.64311)

[node name="Left Arm_008" parent="MeshRoot/Robot/Armature/Skeleton3D" index="59"]
transform = Transform3D(0.237724, -0.137532, -0.961547, 0.966925, 0.127709, 0.220787, 0.0924332, -0.98223, 0.163343, 2.30633, 3.43096, 2.4588)

[node name="Left Arm_007" parent="MeshRoot/Robot/Armature/Skeleton3D" index="60"]
transform = Transform3D(0.166316, -0.146112, -0.975187, 0.974825, 0.173307, 0.140288, 0.148509, -0.973969, 0.171258, 2.26634, 3.389, 2.27364)

[node name="Left Arm_006" parent="MeshRoot/Robot/Armature/Skeleton3D" index="61"]
transform = Transform3D(0.235937, -0.144271, -0.960999, 0.968516, 0.115752, 0.220405, 0.0794398, -0.982745, 0.167039, 2.22794, 3.34818, 2.09828)

[node name="Left Arm_005" parent="MeshRoot/Robot/Armature/Skeleton3D" index="62"]
transform = Transform3D(0.238687, -0.125864, -0.962905, 0.963984, 0.150497, 0.219283, 0.117315, -0.980565, 0.157253, 2.18396, 3.30033, 1.9028)

[node name="Left Arm_004" parent="MeshRoot/Robot/Armature/Skeleton3D" index="63"]
transform = Transform3D(0.238304, -0.131404, -0.96226, 0.965417, 0.139925, 0.219978, 0.105738, -0.981404, 0.160205, 2.14379, 3.258, 1.71768)

[node name="Left Arm_003" parent="MeshRoot/Robot/Armature/Skeleton3D" index="64"]
transform = Transform3D(0.238184, -0.131797, -0.962236, 0.965579, 0.138761, 0.220005, 0.104525, -0.981516, 0.160311, 2.10309, 3.21453, 1.53299)

[node name="Left Arm_002" parent="MeshRoot/Robot/Armature/Skeleton3D" index="65"]
transform = Transform3D(0.237869, -0.131494, -0.962355, 0.965747, 0.137784, 0.219881, 0.103684, -0.981695, 0.159764, 2.0624, 3.17086, 1.34834)

[node name="Left Arm_001" parent="MeshRoot/Robot/Armature/Skeleton3D" index="66"]
transform = Transform3D(0.237634, -0.131329, -0.962436, 0.965885, 0.136947, 0.219798, 0.102937, -0.981834, 0.159392, 2.02177, 3.12701, 1.16372)

[node name="Left Arm" parent="MeshRoot/Robot/Armature/Skeleton3D" index="67"]
transform = Transform3D(0.240733, -0.131324, -0.961666, 0.963627, 0.150821, 0.220628, 0.116066, -0.9798, 0.162854, 1.98108, 3.0844, 0.978988)

[node name="Left Shoulder" parent="MeshRoot/Robot/Armature/Skeleton3D" index="68"]
transform = Transform3D(1, 1.36216e-05, 0.000387535, 8.62787e-05, 0.966579, -0.25637, -0.000378045, 0.25637, 0.966579, 0.00471389, 2.51341, 0.448688)

[node name="Finger End 1" parent="MeshRoot/Robot/Armature/Skeleton3D" index="69"]
transform = Transform3D(0.234481, 0.131773, 0.963148, -0.96577, 0.144626, 0.215333, -0.110921, -0.980672, 0.161174, -2.95783, 4.4896, 5.05251)

[node name="Finger Middle 1" parent="MeshRoot/Robot/Armature/Skeleton3D" index="70"]
transform = Transform3D(0.234481, 0.131773, 0.963148, -0.96577, 0.144626, 0.215333, -0.110921, -0.980672, 0.161174, -2.89104, 4.35848, 4.82852)

[node name="Finger Base 1" parent="MeshRoot/Robot/Armature/Skeleton3D" index="71"]
transform = Transform3D(0.234481, 0.131773, 0.963148, -0.965771, 0.144625, 0.215333, -0.11092, -0.980673, 0.161174, -2.82151, 4.2224, 4.59654)

[node name="Finger End 2" parent="MeshRoot/Robot/Armature/Skeleton3D" index="72"]
transform = Transform3D(0.234481, 0.131773, 0.963148, -0.96577, 0.144626, 0.215333, -0.110921, -0.980672, 0.161174, -2.91806, 4.20625, 5.19338)

[node name="Finger Middle 2" parent="MeshRoot/Robot/Armature/Skeleton3D" index="73"]
transform = Transform3D(0.234481, 0.131773, 0.963148, -0.96577, 0.144626, 0.215333, -0.110921, -0.980672, 0.161174, -2.85673, 4.11481, 4.94903)

[node name="Finger Base 2" parent="MeshRoot/Robot/Armature/Skeleton3D" index="74"]
transform = Transform3D(0.234481, 0.131773, 0.963148, -0.96577, 0.144625, 0.215333, -0.11092, -0.980672, 0.161174, -2.79434, 4.02313, 4.70468)

[node name="Finger End 3" parent="MeshRoot/Robot/Armature/Skeleton3D" index="75"]
transform = Transform3D(0.234481, 0.131773, 0.963148, -0.96577, 0.144625, 0.215333, -0.11092, -0.980673, 0.161174, -2.86305, 3.89929, 5.27477)

[node name="Finger Middle 3" parent="MeshRoot/Robot/Armature/Skeleton3D" index="76"]
transform = Transform3D(0.234481, 0.131773, 0.963148, -0.96577, 0.144625, 0.215333, -0.11092, -0.980672, 0.161174, -2.81028, 3.85743, 5.01537)

[node name="Finger Base 3" parent="MeshRoot/Robot/Armature/Skeleton3D" index="77"]
transform = Transform3D(0.234481, 0.131773, 0.963148, -0.96577, 0.144625, 0.215333, -0.11092, -0.980672, 0.161174, -2.75095, 3.81015, 4.72882)

[node name="Finger End 4" parent="MeshRoot/Robot/Armature/Skeleton3D" index="78"]
transform = Transform3D(0.234481, 0.131773, 0.963148, -0.96577, 0.144626, 0.215333, -0.110921, -0.980672, 0.161174, -2.69783, 3.42657, 4.91902)

[node name="Finger Base 4" parent="MeshRoot/Robot/Armature/Skeleton3D" index="79"]
transform = Transform3D(0.234481, 0.131773, 0.963148, -0.96577, 0.144625, 0.215333, -0.11092, -0.980672, 0.161174, -2.68534, 3.61635, 4.61561)

[node name="Right Hand" parent="MeshRoot/Robot/Armature/Skeleton3D" index="80"]
transform = Transform3D(0.232752, 0.133154, 0.963378, -0.966583, 0.1411, 0.214025, -0.107434, -0.980999, 0.161546, -2.79468, 3.95003, 4.81264)

[node name="Right Wrist Guard" parent="MeshRoot/Robot/Armature/Skeleton3D" index="81"]
transform = Transform3D(0.232752, 0.133154, 0.963378, -0.966583, 0.1411, 0.214025, -0.107434, -0.980999, 0.161546, -2.56795, 3.80312, 3.86634)

[node name="Right Arm_011" parent="MeshRoot/Robot/Armature/Skeleton3D" index="82"]
transform = Transform3D(-0.167796, -0.20916, 0.963378, 0.951083, 0.222786, 0.214025, -0.259392, 0.952165, 0.161546, -2.42526, 3.55599, 3.01281)

[node name="Right Arm_010" parent="MeshRoot/Robot/Armature/Skeleton3D" index="83"]
transform = Transform3D(-0.167796, -0.20916, 0.963377, 0.951083, 0.222786, 0.214025, -0.259392, 0.952165, 0.161546, -2.38467, 3.51276, 2.82804)

[node name="Right Arm_009" parent="MeshRoot/Robot/Armature/Skeleton3D" index="84"]
transform = Transform3D(-0.167649, -0.209433, 0.963344, 0.950924, 0.223428, 0.214062, -0.260069, 0.951954, 0.161698, -2.34406, 3.46947, 2.6433)

[node name="Right Arm_007" parent="MeshRoot/Robot/Armature/Skeleton3D" index="85"]
transform = Transform3D(-0.108959, -0.198697, 0.973985, 0.968963, 0.19749, 0.148686, -0.221896, 0.959957, 0.171012, -2.26316, 3.38262, 2.27367)

[node name="Right Arm_008" parent="MeshRoot/Robot/Armature/Skeleton3D" index="86"]
transform = Transform3D(-0.108959, -0.198697, 0.973985, 0.968963, 0.19749, 0.148686, -0.221896, 0.959957, 0.171012, -2.30172, 3.42094, 2.45995)

[node name="Right Arm_006" parent="MeshRoot/Robot/Armature/Skeleton3D" index="87"]
transform = Transform3D(-0.149973, -0.219245, 0.964074, 0.947744, 0.245832, 0.203339, -0.281582, 0.944191, 0.17092, -2.22457, 3.34206, 2.09942)

[node name="Right Arm_005" parent="MeshRoot/Robot/Armature/Skeleton3D" index="88"]
transform = Transform3D(-0.169909, -0.205142, 0.963871, 0.953349, 0.213428, 0.213478, -0.24951, 0.955178, 0.159308, -2.18035, 3.29404, 1.90243)

[node name="Right Arm_004" parent="MeshRoot/Robot/Armature/Skeleton3D" index="89"]
transform = Transform3D(-0.167422, -0.20996, 0.963269, 0.950705, 0.224295, 0.214128, -0.261015, 0.951634, 0.162058, -2.14008, 3.25159, 1.71744)

[node name="Right Arm_003" parent="MeshRoot/Robot/Armature/Skeleton3D" index="90"]
transform = Transform3D(-0.167341, -0.210045, 0.963264, 0.950617, 0.224663, 0.214133, -0.261388, 0.951529, 0.162077, -2.09933, 3.20803, 1.53279)

[node name="Right Arm_002" parent="MeshRoot/Robot/Armature/Skeleton3D" index="91"]
transform = Transform3D(-0.16726, -0.209616, 0.963372, 0.950524, 0.225164, 0.214022, -0.261779, 0.951505, 0.161585, -2.05862, 3.16439, 1.34815)

[node name="Right Arm_001" parent="MeshRoot/Robot/Armature/Skeleton3D" index="92"]
transform = Transform3D(-0.16699, -0.209335, 0.96348, 0.950226, 0.226523, 0.213909, -0.263029, 0.951244, 0.161088, -2.01797, 3.12057, 1.16353)

[node name="Right Arm" parent="MeshRoot/Robot/Armature/Skeleton3D" index="93"]
transform = Transform3D(-0.169246, -0.210495, 0.962833, 0.95257, 0.215756, 0.214611, -0.252912, 0.953489, 0.163995, -1.97724, 3.07766, 0.978775)

[node name="Right Shoulder" parent="MeshRoot/Robot/Armature/Skeleton3D" index="94"]
transform = Transform3D(1, 1.36624e-05, 0.00038753, 8.61282e-05, 0.966579, -0.25637, -0.000378081, 0.25637, 0.966579, 0.00471437, 2.51341, 0.448688)

[node name="Hips" parent="MeshRoot/Robot/Armature/Skeleton3D" index="95"]
transform = Transform3D(0.998041, 4.42389e-05, 0.0625564, 0.00865163, 0.990292, -0.138731, -0.0619553, 0.139, 0.988352, 0.00464276, -0.322942, -0.148072)

[node name="AnimationTree" type="AnimationTree" parent="MeshRoot"]
root_node = NodePath("../Robot")
tree_root = SubResource("AnimationNodeBlendTree_0fiv8")
anim_player = NodePath("../Robot/AnimationPlayer")
parameters/is_gliding/blend_amount = 0.0
parameters/jump/active = false
parameters/jump/internal_active = false
parameters/jump/request = 0
parameters/movement_anim_speed/scale = 1.0
parameters/movement_blend/blend_position = 0.0
parameters/on_floor_blend/blend_amount = 0.0

[node name="Glider" parent="MeshRoot" node_paths=PackedStringArray("player") instance=ExtResource("11_inerc")]
transform = Transform3D(0.2, 0, 0, 0, 0.2, 0, 0, 0, 0.2, 0, 0, 0)
script = ExtResource("12_sntr0")
player = NodePath("../..")

[node name="Ray01" type="RayCast3D" parent="MeshRoot"]
transform = Transform3D(1, 0, 0, 0, 1, 0, 0, 0, 1, 0, 2.03661, 0)
target_position = Vector3(0, 0, 0.75)
debug_shape_custom_color = Color(0.344076, 0.344076, 0.344076, 1)
debug_shape_thickness = 5

[node name="Ray02" type="RayCast3D" parent="MeshRoot"]
transform = Transform3D(1, 0, 0, 0, 1, 0, 0, 0, 1, 0, 1.88803, 0)
target_position = Vector3(0, 0, 0.75)
debug_shape_custom_color = Color(0.255659, 0.255659, 0.255659, 1)
debug_shape_thickness = 5

[node name="CamRoot" type="Node3D" parent="." node_paths=PackedStringArray("player")]
transform = Transform3D(1, 0, 0, 0, 1, 0, 0, 0, 1, 0, 0.869557, 0)
script = ExtResource("13_j0ncc")
player = NodePath("..")

[node name="CamYaw" type="Node3D" parent="CamRoot"]

[node name="CamPitch" type="Node3D" parent="CamRoot/CamYaw"]

[node name="SpringArm3D" type="SpringArm3D" parent="CamRoot/CamYaw/CamPitch" node_paths=PackedStringArray("player")]
shape = SubResource("SphereShape3D_fbxo0")
spring_length = -3.0
script = ExtResource("14_jlokr")
player = NodePath("../../../..")

[node name="Camera3D" type="Camera3D" parent="CamRoot/CamYaw/CamPitch/SpringArm3D"]
transform = Transform3D(-1, 0, -8.74228e-08, 0, 1, 0, 8.74228e-08, 0, -1, 0, 0, 0)
current = true

[node name="HurtOverlay" type="TextureRect" parent="."]
modulate = Color(1, 1, 1, 0)
anchors_preset = 15
anchor_right = 1.0
anchor_bottom = 1.0
grow_horizontal = 2
grow_vertical = 2
texture = ExtResource("15_4lvj7")
expand_mode = 1

[node name="SpeedOverlay" type="ColorRect" parent="."]
modulate = Color(1, 1, 1, 0)
material = SubResource("ShaderMaterial_5ddcd")
anchors_preset = 15
anchor_right = 1.0
anchor_bottom = 1.0
grow_horizontal = 2
grow_vertical = 2
color = Color(0, 0, 0, 1)

[node name="HealthBar" type="ProgressBar" parent="." node_paths=PackedStringArray("damage_bar")]
z_index = 1
offset_left = 8.0
offset_top = 14.0
offset_right = 248.0
offset_bottom = 54.0
theme_override_styles/background = SubResource("StyleBoxEmpty_ai30p")
theme_override_styles/fill = SubResource("StyleBoxFlat_dxccx")
value = 60.0
show_percentage = false
script = ExtResource("17_ic8d8")
damage_bar = NodePath("DamageBar")

[node name="DamageBar" type="ProgressBar" parent="HealthBar"]
z_index = -1
layout_mode = 1
anchors_preset = 15
anchor_right = 1.0
anchor_bottom = 1.0
grow_horizontal = 2
grow_vertical = 2
theme_override_styles/background = SubResource("StyleBoxFlat_5ofko")
theme_override_styles/fill = SubResource("StyleBoxFlat_q6b0o")
value = 80.0
show_percentage = false

[node name="Timer" type="Timer" parent="HealthBar"]
wait_time = 0.4
one_shot = true

[node name="FallDamage" type="AudioStreamPlayer" parent="."]
stream = ExtResource("16_0wh5x")
pitch_scale = 0.75

[node name="SoundEffects" type="AudioStreamPlayer" parent="."]

