[gd_scene load_steps=42 format=3 uid="uid://bd2s4wf2tu7sm"]

[ext_resource type="Script" path="res://Scenes/Models/Player/Player.gd" id="1_dvppb"]
[ext_resource type="Resource" uid="uid://c08l7gnjmjaqu" path="res://Scenes/Models/Player/MovementStates/run.tres" id="2_mml65"]
[ext_resource type="Resource" uid="uid://difpuuckqhvsv" path="res://Scenes/Models/Player/MovementStates/stand.tres" id="3_moa87"]
[ext_resource type="Resource" uid="uid://brvevs4yorhgf" path="res://Scenes/Models/Player/MovementStates/walk.tres" id="4_vttyl"]
[ext_resource type="Resource" uid="uid://bl52gdpkd3csn" path="res://Scenes/Models/Player/JumpStates/jump.tres" id="5_qm2u8"]
[ext_resource type="Resource" uid="uid://dnvfiisdtrht" path="res://Scenes/Models/Player/GlideStates/glide.tres" id="6_mtxa7"]
[ext_resource type="Script" path="res://Scenes/Models/Player/audio_controller.gd" id="7_7iij5"]
[ext_resource type="Script" path="res://Scenes/Models/Player/movement_controller.gd" id="8_j5sic"]
[ext_resource type="Script" path="res://Scenes/Models/Player/animation_controller.gd" id="9_eodew"]
[ext_resource type="PackedScene" uid="uid://bhdvfievnjoad" path="res://Scenes/Models/Player/Player.tscn" id="10_5kxhf"]
[ext_resource type="PackedScene" uid="uid://enjqiqwhpu7" path="res://Scenes/Models/Player/Glider.tscn" id="11_inerc"]
[ext_resource type="Script" path="res://Scenes/Models/Player/Glider.gd" id="12_sntr0"]
[ext_resource type="Script" path="res://Scenes/Models/Player/camera_controller.gd" id="13_j0ncc"]
[ext_resource type="Script" path="res://Scenes/Models/Player/SpringArm3D.gd" id="14_jlokr"]
[ext_resource type="Texture2D" uid="uid://dt0nnojl3rji0" path="res://Assets/Character/Textures/Damage Overlay.png" id="15_4lvj7"]
[ext_resource type="AudioStream" uid="uid://pt0u3r8i0vdg" path="res://Assets/Sound/Effects/damage.wav" id="16_0wh5x"]
[ext_resource type="Shader" path="res://Scenes/Models/Player/SpeedOverlay.gdshader" id="16_1v2vt"]
[ext_resource type="Script" path="res://Scenes/Models/Player/HealthBar.gd" id="17_ic8d8"]
[ext_resource type="AudioStream" uid="uid://0mnwvfvadsp4" path="res://Assets/Sound/Music/Song 1.wav" id="17_vstat"]

[sub_resource type="CapsuleShape3D" id="CapsuleShape3D_ny02q"]

[sub_resource type="AnimationNodeAnimation" id="AnimationNodeAnimation_uhh3q"]
animation = &"Falling"

[sub_resource type="AnimationNodeAnimation" id="AnimationNodeAnimation_4lju0"]
animation = &"Glide"

[sub_resource type="AnimationNodeAnimation" id="AnimationNodeAnimation_6t4by"]
animation = &"Jump"

[sub_resource type="AnimationNodeBlend2" id="AnimationNodeBlend2_p55mh"]

[sub_resource type="AnimationNodeOneShot" id="AnimationNodeOneShot_rmhht"]

[sub_resource type="AnimationNodeTimeScale" id="AnimationNodeTimeScale_qoddc"]

[sub_resource type="AnimationNodeAnimation" id="AnimationNodeAnimation_sivxs"]
animation = &"Idle"

[sub_resource type="AnimationNodeAnimation" id="AnimationNodeAnimation_wbm5n"]
animation = &"Walk"

[sub_resource type="AnimationNodeAnimation" id="AnimationNodeAnimation_ci5d5"]
animation = &"Running"

[sub_resource type="AnimationNodeBlendSpace1D" id="AnimationNodeBlendSpace1D_h2nin"]
blend_point_0/node = SubResource("AnimationNodeAnimation_sivxs")
blend_point_0/pos = 0.0
blend_point_1/node = SubResource("AnimationNodeAnimation_wbm5n")
blend_point_1/pos = 1.0
blend_point_2/node = SubResource("AnimationNodeAnimation_ci5d5")
blend_point_2/pos = 2.0
min_space = 0.0
max_space = 3.0
snap = 1.0

[sub_resource type="AnimationNodeBlend2" id="AnimationNodeBlend2_gxhi5"]

[sub_resource type="AnimationNodeBlendTree" id="AnimationNodeBlendTree_0fiv8"]
graph_offset = Vector2(39.6885, 312.508)
nodes/Animation/node = SubResource("AnimationNodeAnimation_6t4by")
nodes/Animation/position = Vector2(400, 400)
"nodes/Animation 2/node" = SubResource("AnimationNodeAnimation_uhh3q")
"nodes/Animation 2/position" = Vector2(120, 620)
"nodes/Animation 3/node" = SubResource("AnimationNodeAnimation_4lju0")
"nodes/Animation 3/position" = Vector2(140, 740)
nodes/is_gliding/node = SubResource("AnimationNodeBlend2_p55mh")
nodes/is_gliding/position = Vector2(660, 580)
nodes/jump/node = SubResource("AnimationNodeOneShot_rmhht")
nodes/jump/position = Vector2(1200, 520)
nodes/movement_anim_speed/node = SubResource("AnimationNodeTimeScale_qoddc")
nodes/movement_anim_speed/position = Vector2(660, 1000)
nodes/movement_blend/node = SubResource("AnimationNodeBlendSpace1D_h2nin")
nodes/movement_blend/position = Vector2(400, 1040)
nodes/on_floor_blend/node = SubResource("AnimationNodeBlend2_gxhi5")
nodes/on_floor_blend/position = Vector2(1580, 720)
nodes/output/position = Vector2(1860, 660)
node_connections = [&"is_gliding", 0, &"Animation 2", &"is_gliding", 1, &"Animation 3", &"jump", 0, &"movement_anim_speed", &"jump", 1, &"Animation", &"movement_anim_speed", 0, &"movement_blend", &"on_floor_blend", 0, &"is_gliding", &"on_floor_blend", 1, &"jump", &"output", 0, &"on_floor_blend"]

[sub_resource type="SphereShape3D" id="SphereShape3D_fbxo0"]
radius = 0.07

[sub_resource type="FastNoiseLite" id="FastNoiseLite_aw0s0"]

[sub_resource type="NoiseTexture2D" id="NoiseTexture2D_ow4ag"]
width = 1024
height = 1024
noise = SubResource("FastNoiseLite_aw0s0")

[sub_resource type="ShaderMaterial" id="ShaderMaterial_5ddcd"]
shader = ExtResource("16_1v2vt")
shader_parameter/line_color = Color(0.509286, 0.509286, 0.509286, 1)
shader_parameter/line_count = 2.0
shader_parameter/line_density = 0.135
shader_parameter/line_falloff = 0.827
shader_parameter/mask_size = 0.299
shader_parameter/mask_edge = 0.367
shader_parameter/animation_speed = 3.74
shader_parameter/noise = SubResource("NoiseTexture2D_ow4ag")

[sub_resource type="FontVariation" id="FontVariation_364hi"]
variation_embolden = 1.06

[sub_resource type="StyleBoxEmpty" id="StyleBoxEmpty_ai30p"]

[sub_resource type="StyleBoxFlat" id="StyleBoxFlat_dxccx"]
bg_color = Color(0.452292, 0.663102, 0.44814, 1)

[sub_resource type="StyleBoxFlat" id="StyleBoxFlat_5ofko"]
bg_color = Color(0.262932, 0.262932, 0.262932, 1)
expand_margin_left = 5.0
expand_margin_top = 5.0
expand_margin_right = 5.0
expand_margin_bottom = 5.0
shadow_color = Color(0, 0, 0, 0.27451)
shadow_offset = Vector2(0, 1)

[sub_resource type="StyleBoxFlat" id="StyleBoxFlat_q6b0o"]
bg_color = Color(0.811075, 0.856637, 0.833661, 1)

[node name="Player" type="CharacterBody3D"]
transform = Transform3D(1, 0, 0, 0, 1, 0, 0, 0, 1, 0, 1, 0)
script = ExtResource("1_dvppb")
movement_states = {
"run": ExtResource("2_mml65"),
"stand": ExtResource("3_moa87"),
"walk": ExtResource("4_vttyl")
}
jump_states = {
"jump": ExtResource("5_qm2u8")
}
glide_states = {
"glide": ExtResource("6_mtxa7")
}

[node name="AudioController" type="Node" parent="." node_paths=PackedStringArray("fall_damage_player", "main_song", "sound_effects", "player")]
script = ExtResource("7_7iij5")
fall_damage_player = NodePath("../FallDamage")
main_song = NodePath("../Main Song")
sound_effects = NodePath("../SoundEffects")
player = NodePath("..")

[node name="MovementController" type="Node" parent="." node_paths=PackedStringArray("player", "mesh_root", "hurt_overlay", "speed_overlay", "health_bar", "skeleton")]
script = ExtResource("8_j5sic")
player = NodePath("..")
mesh_root = NodePath("../MeshRoot")
hurt_overlay = NodePath("../HurtOverlay")
speed_overlay = NodePath("../SpeedOverlay")
health_bar = NodePath("../HealthBar")
skeleton = NodePath("../MeshRoot/Robot/Armature/Skeleton3D")
glide_states = {
"glide": ExtResource("6_mtxa7")
}

[node name="AnimationController" type="Node" parent="." node_paths=PackedStringArray("animation_tree", "player")]
script = ExtResource("9_eodew")
animation_tree = NodePath("../MeshRoot/AnimationTree")
player = NodePath("..")

[node name="CollisionShape3D" type="CollisionShape3D" parent="."]
shape = SubResource("CapsuleShape3D_ny02q")

[node name="MeshRoot" type="Node3D" parent="."]

[node name="Robot" parent="MeshRoot" instance=ExtResource("10_5kxhf")]
transform = Transform3D(1, 0, 0, 0, 1, 0, 0, 0, 1, 0, -1.02912, 0)

[node name="Skeleton3D" parent="MeshRoot/Robot/Armature" index="0"]
bones/1/position = Vector3(2.455, 8.43802, 3.16529)
bones/3/position = Vector3(-2.46437, 8.43802, 3.16529)
bones/5/position = Vector3(0, 5.70156, 0)
bones/5/rotation = Quaternion(0.0703003, 0, 0, 0.997526)
bones/7/rotation = Quaternion(-0.445965, 0.0917183, 0.0601678, 0.888303)
bones/8/rotation = Quaternion(8.19586e-08, 1.20414e-07, -0.0848231, 0.996396)
bones/9/rotation = Quaternion(3.27799e-08, -2.38171e-07, -0.0633204, 0.997993)
bones/10/rotation = Quaternion(1.90006e-08, 2.39062e-07, -0.038084, 0.999275)
bones/11/rotation = Quaternion(-1.17175e-05, -0.0019178, -0.0061122, 0.999979)
bones/12/rotation = Quaternion(5.60732e-05, 0.0019169, 0.0292462, 0.99957)
bones/13/rotation = Quaternion(-3.88143e-08, 1.20111e-07, 0.0654989, 0.997853)
bones/14/rotation = Quaternion(-1.05812e-07, 3.57578e-07, 0.0986463, 0.995123)
bones/15/rotation = Quaternion(0.0011197, -0.00905889, 0.122683, 0.992404)
bones/16/rotation = Quaternion(0.00192546, 0.00892194, 0.210956, 0.977453)
bones/31/position = Vector3(-1.19328, 3.04006, -2.26804)
bones/32/position = Vector3(0.0409813, -0.261409, -5.76169e-05)
bones/32/rotation = Quaternion(0.000113419, 0.000698987, 0.160203, 0.987084)
bones/42/position = Vector3(-2.74656, 2.26951, -1.634)
bones/43/position = Vector3(-0.0409653, -0.261383, -5.77883e-05)
bones/43/rotation = Quaternion(-0.000157933, -0.000690231, 0.223101, 0.974795)
bones/52/rotation = Quaternion(-0.381978, 0.251029, 0.515966, 0.72447)
bones/53/rotation = Quaternion(3.78979e-08, -1.0464e-07, 0.0994516, 0.995042)
bones/54/rotation = Quaternion(3.97781e-08, 2.3643e-07, 0.0743787, 0.99723)
bones/55/rotation = Quaternion(2.33111e-08, -2.38234e-07, 0.044836, 0.998994)
bones/56/rotation = Quaternion(-1.3819e-05, 0.00191779, 0.00720692, 0.999972)
bones/57/rotation = Quaternion(6.58772e-05, -0.00191659, -0.0343622, 0.999408)
bones/58/rotation = Quaternion(-5.39511e-08, -1.21385e-07, -0.0767981, 0.997047)
bones/59/rotation = Quaternion(-1.33721e-07, -3.55895e-07, -0.11561, 0.993295)
bones/60/rotation = Quaternion(0.00130733, 0.00903371, -0.143242, 0.989646)
bones/61/rotation = Quaternion(0.00212135, -0.00887738, -0.23242, 0.972573)
bones/76/rotation = Quaternion(0.0592395, -0.000235748, 0.00724406, 0.998218)
bones/79/rotation = Quaternion(0.183326, 1.70391e-06, 7.61209e-05, 0.983052)
bones/88/rotation = Quaternion(-0.00494084, 7.14921e-05, 0.297733, 0.954636)
bones/89/rotation = Quaternion(0.528788, -0.424953, -0.165293, 0.715874)
bones/90/rotation = Quaternion(-0.00207246, -0.00334011, -0.00783028, 0.999962)
bones/91/rotation = Quaternion(0.00182163, 2.00848e-07, 0.00680353, 0.999975)
bones/92/rotation = Quaternion(-0.000194959, 4.84237e-06, -0.000390787, 1)
bones/93/rotation = Quaternion(-0.000286623, 4.71048e-06, -0.000444881, 1)
bones/94/rotation = Quaternion(5.61461e-05, -1.05998e-07, -0.000615754, 1)
bones/95/rotation = Quaternion(0.00155009, -2.91675e-06, -0.00580586, 0.999982)
bones/96/rotation = Quaternion(-0.00497294, 0.000658843, 0.0190801, 0.999805)
bones/97/rotation = Quaternion(0.00869774, 0.0397979, -0.0283107, 0.998769)
bones/98/rotation = Quaternion(-0.00666238, -0.04047, 0.0217891, 0.998921)
bones/99/rotation = Quaternion(0.00171292, -3.04611e-07, -0.00655342, 0.999977)
bones/100/rotation = Quaternion(0.000179275, -2.51457e-08, -0.000698349, 1)
bones/142/rotation = Quaternion(0.528617, 0.424598, 0.165864, 0.71608)
bones/143/rotation = Quaternion(-0.00161217, 0.000125805, 0.00566776, 0.999983)
bones/144/rotation = Quaternion(0.00152979, -1.66975e-07, -0.0053136, 0.999985)
bones/145/rotation = Quaternion(-0.000259948, -4.92711e-06, 0.000656254, 1)
bones/146/rotation = Quaternion(-0.00025809, -4.8241e-06, 0.000205244, 1)
bones/147/rotation = Quaternion(9.99786e-06, 2.00035e-07, 0.000196448, 1)
bones/148/rotation = Quaternion(0.00144456, 3.05097e-06, 0.00603126, 0.999981)
bones/149/rotation = Quaternion(-0.0042737, -0.00641461, -0.0179905, 0.999808)
bones/150/rotation = Quaternion(0.00728551, -0.0268001, 0.0264981, 0.999263)
bones/151/rotation = Quaternion(-0.00563094, 0.0332222, -0.0210139, 0.999211)
bones/152/rotation = Quaternion(0.00160057, 3.19791e-07, 0.00690656, 0.999975)
bones/153/rotation = Quaternion(7.9737e-05, 2.70083e-08, 0.000355281, 1)
bones/162/rotation = Quaternion(-8.27381e-08, -3.3349e-07, -0.0640607, 0.997946)

[node name="Lower Left Leg" parent="MeshRoot/Robot/Armature/Skeleton3D" index="0"]
transform = Transform3D(0.998281, -0.0225962, -0.0540846, -0.0297871, 0.599114, -0.800109, 0.0504821, 0.800345, 0.597411, 0.922254, -2.92735, -1.17376)

[node name="Left Leg Joint Cutouts" parent="MeshRoot/Robot/Armature/Skeleton3D" index="1"]
transform = Transform3D(0.998281, -0.0225962, -0.0540846, -0.0297871, 0.599114, -0.800109, 0.0504821, 0.800345, 0.597411, 0.905144, -2.39343, -0.572075)

[node name="Lower Left Leg Joint" parent="MeshRoot/Robot/Armature/Skeleton3D" index="2"]
transform = Transform3D(0.998281, -0.0225962, -0.0540846, -0.0297871, 0.599114, -0.800109, 0.0504821, 0.800345, 0.597411, 0.913472, -2.29933, -0.453173)

[node name="Lower Left Leg Joint" parent="MeshRoot/Robot/Armature/Skeleton3D/Lower Left Leg Joint" index="0"]
transform = Transform3D(1, -3.72529e-09, -3.72529e-09, -1.86265e-09, 1, -2.98023e-08, 0, -2.98023e-08, 1, 0, 0, 0)

[node name="Lower Left Leg Light" parent="MeshRoot/Robot/Armature/Skeleton3D" index="3"]
transform = Transform3D(0.998281, -0.0225962, -0.0540846, -0.0297871, 0.599114, -0.800109, 0.0504821, 0.800345, 0.597411, 1.21508, -2.68345, -1.15073)

[node name="Limb Segment_018" parent="MeshRoot/Robot/Armature/Skeleton3D" index="4"]
transform = Transform3D(0.99809, -0.0195996, 0.0585908, -0.0454673, -0.875103, 0.481795, 0.0418299, -0.483538, -0.874323, 0.922701, -1.40158, 0.116221)

[node name="Limb Segment_017" parent="MeshRoot/Robot/Armature/Skeleton3D" index="5"]
transform = Transform3D(0.998285, -0.0156629, 0.0564067, -0.0295211, -0.966748, 0.254019, 0.0505523, -0.255248, -0.965553, 0.919902, -1.33734, -0.0462956)

[node name="Limb Segment_016" parent="MeshRoot/Robot/Armature/Skeleton3D" index="6"]
transform = Transform3D(0.99687, -0.0594018, 0.0521792, -0.0624696, -0.996285, 0.0592749, 0.0484642, -0.0623489, -0.996877, 0.941388, -1.32333, -0.141217)

[node name="Limb Segment_015" parent="MeshRoot/Robot/Armature/Skeleton3D" index="7"]
transform = Transform3D(0.998179, -0.03621, 0.0482424, -0.0326999, -0.996893, -0.0716624, 0.0506872, 0.0699544, -0.996262, 0.935352, -1.32415, -0.175563)

[node name="Limb Segment_014" parent="MeshRoot/Robot/Armature/Skeleton3D" index="8"]
transform = Transform3D(0.997905, -0.0452691, 0.0462127, -0.0389331, -0.990771, -0.129831, 0.0516634, 0.12776, -0.990459, 0.93568, -1.32493, -0.177726)

[node name="Limb Segment_013" parent="MeshRoot/Robot/Armature/Skeleton3D" index="9"]
transform = Transform3D(0.997615, -0.0508741, 0.04665, -0.0450849, -0.992025, -0.117706, 0.0522659, 0.115322, -0.991952, 0.93473, -1.32567, -0.179721)

[node name="Limb Segment_012" parent="MeshRoot/Robot/Armature/Skeleton3D" index="10"]
transform = Transform3D(0.997659, -0.0166534, 0.0663323, -0.0138623, -0.999008, -0.0423194, 0.0669711, 0.0413009, -0.9969, 0.946783, -1.32826, -0.205575)

[node name="Limb Segment_011" parent="MeshRoot/Robot/Armature/Skeleton3D" index="11"]
transform = Transform3D(0.99854, -0.0408829, 0.035316, -0.0437694, -0.995398, 0.0852503, 0.0316679, -0.0866714, -0.995734, 0.934387, -1.32671, -0.271184)

[node name="Limb Segment_003" parent="MeshRoot/Robot/Armature/Skeleton3D" index="12"]
transform = Transform3D(0.996983, -0.0101866, 0.0769567, -0.0292757, -0.967491, 0.251205, 0.0718958, -0.2527, -0.96487, 0.954817, -1.30828, -0.381194)

[node name="Left Foot" parent="MeshRoot/Robot/Armature/Skeleton3D" index="13"]
transform = Transform3D(0.999982, -1.57161e-06, 0.00605715, 0.00176242, 0.956804, -0.290729, -0.00579531, 0.290734, 0.956786, 0.92503, -3.82033, -1.30953)

[node name="Foot_005" parent="MeshRoot/Robot/Armature/Skeleton3D" index="14"]
transform = Transform3D(0.999982, -1.57161e-06, 0.00605715, 0.00176242, 0.956804, -0.290729, -0.00579531, 0.290734, 0.956786, 0.94011, -3.18096, -1.41498)

[node name="Foot_006" parent="MeshRoot/Robot/Armature/Skeleton3D" index="15"]
transform = Transform3D(0.999982, -1.57161e-06, 0.00605715, 0.00176242, 0.956804, -0.290729, -0.00579531, 0.290734, 0.956786, 0.943912, -4.2579, -1.08654)

[node name="Foot_007" parent="MeshRoot/Robot/Armature/Skeleton3D" index="16"]
transform = Transform3D(0.999982, -1.57161e-06, 0.00605715, 0.00176242, 0.956804, -0.290729, -0.00579531, 0.290734, 0.956786, 0.936817, -3.91735, -2.20728)

[node name="Left Foot Joint" parent="MeshRoot/Robot/Armature/Skeleton3D" index="17"]
transform = Transform3D(0.999982, -1.57161e-06, 0.00605715, 0.00176242, 0.956804, -0.290729, -0.00579531, 0.290734, 0.956786, 1.36246, -3.4541, -1.48595)

[node name="Right Foot" parent="MeshRoot/Robot/Armature/Skeleton3D" index="18"]
transform = Transform3D(0.999962, 3.63449e-07, -0.00872141, 0.00400236, 0.888473, 0.458911, 0.00774903, -0.458928, 0.888439, -0.916609, -2.6141, 2.8835)

[node name="Foot" parent="MeshRoot/Robot/Armature/Skeleton3D" index="19"]
transform = Transform3D(0.999962, 3.63449e-07, -0.00872141, 0.00400236, 0.888473, 0.458911, 0.00774903, -0.458928, 0.888439, -0.930927, -2.22944, 2.36199)

[node name="Foot_001" parent="MeshRoot/Robot/Armature/Skeleton3D" index="20"]
transform = Transform3D(0.999962, 3.63449e-07, -0.00872141, 0.00400236, 0.888473, 0.458911, 0.00774903, -0.458928, 0.888439, -0.936398, -2.7722, 3.34844)

[node name="Foot_002" parent="MeshRoot/Robot/Armature/Skeleton3D" index="21"]
transform = Transform3D(0.999962, 3.63449e-07, -0.00872141, 0.00400236, 0.888473, 0.458911, 0.00774903, -0.458928, 0.888439, -0.926182, -3.30975, 2.30775)

[node name="Right Foot Joint" parent="MeshRoot/Robot/Armature/Skeleton3D" index="22"]
transform = Transform3D(0.999962, 3.63449e-07, -0.00872141, 0.00400236, 0.888473, 0.458911, 0.00774903, -0.458928, 0.888439, -1.35331, -2.47521, 2.50061)

[node name="Lower Right Leg" parent="MeshRoot/Robot/Armature/Skeleton3D" index="23"]
transform = Transform3D(0.999118, -0.0181605, -0.0378755, 0.0313987, 0.921862, 0.386245, 0.0279017, -0.387093, 0.921618, -0.950544, -1.89105, 1.93856)

[node name="Lower Right Leg Joint" parent="MeshRoot/Robot/Armature/Skeleton3D" index="24"]
transform = Transform3D(0.999118, -0.0181605, -0.0378755, 0.0313987, 0.921862, 0.386245, 0.0279017, -0.387093, 0.921618, -0.974041, -1.04026, 1.50343)

[node name="Lower Right Leg Light" parent="MeshRoot/Robot/Armature/Skeleton3D" index="25"]
transform = Transform3D(0.999118, -0.0181605, -0.0378755, 0.0313987, 0.921862, 0.386245, 0.0279017, -0.387093, 0.921618, -1.23191, -1.83061, 1.68767)

[node name="Right Leg Joint Cutouts" parent="MeshRoot/Robot/Armature/Skeleton3D" index="26"]
transform = Transform3D(0.999118, -0.0181605, -0.0378755, 0.0313987, 0.921862, 0.386245, 0.0279017, -0.387093, 0.921618, -0.959969, -1.1776, 1.56668)

[node name="Limb Segment_010" parent="MeshRoot/Robot/Armature/Skeleton3D" index="27"]
transform = Transform3D(-0.998974, 0.016967, -0.0419933, -0.0429914, -0.646959, 0.761312, -0.0142509, 0.762336, 0.647024, -0.987354, -0.299449, 0.74347)

[node name="Limb Segment_009" parent="MeshRoot/Robot/Armature/Skeleton3D" index="28"]
transform = Transform3D(-0.999114, -0.0130706, -0.0400082, -0.0312873, -0.405192, 0.913696, -0.0281536, 0.914138, 0.404424, -0.966006, -0.471659, 0.636022)

[node name="Limb Segment_008" parent="MeshRoot/Robot/Armature/Skeleton3D" index="29"]
transform = Transform3D(-0.99929, 0.0111113, -0.0359993, -0.0374276, -0.183376, 0.98233, 0.00431341, 0.98298, 0.183662, -0.977902, -0.580812, 0.601926)

[node name="Limb Segment_007" parent="MeshRoot/Robot/Armature/Skeleton3D" index="30"]
transform = Transform3D(-0.999192, -0.0239809, -0.032261, -0.0314918, -0.0317994, 0.998998, -0.0249829, 0.999207, 0.0310183, -0.968804, -0.620386, 0.598681)

[node name="Limb Segment_006" parent="MeshRoot/Robot/Armature/Skeleton3D" index="31"]
transform = Transform3D(-0.999343, -0.01983, -0.0303368, -0.0310574, 0.0370874, 0.998829, -0.0186818, 0.999116, -0.0376791, -0.968975, -0.623071, 0.599046)

[node name="Limb Segment_005" parent="MeshRoot/Robot/Armature/Skeleton3D" index="32"]
transform = Transform3D(-0.99944, -0.013207, -0.0307521, -0.0310491, 0.02288, 0.999256, -0.0124936, 0.999651, -0.0232775, -0.967895, -0.625401, 0.59964)

[node name="Limb Segment_004" parent="MeshRoot/Robot/Armature/Skeleton3D" index="33"]
transform = Transform3D(-0.999166, -0.0238105, -0.0331935, -0.0315299, -0.0671457, 0.997245, -0.0259737, 0.997459, 0.0663388, -0.971641, -0.657046, 0.599481)

[node name="Limb Segment_001" parent="MeshRoot/Robot/Armature/Skeleton3D" index="34"]
transform = Transform3D(-0.999074, -0.0225422, -0.0366446, -0.0309685, -0.214462, 0.976241, -0.0298656, 0.976472, 0.213566, -0.971005, -0.732224, 0.589227)

[node name="Limb Segment_002" parent="MeshRoot/Robot/Armature/Skeleton3D" index="35"]
transform = Transform3D(-0.999199, 0.00185225, -0.0399829, -0.0373407, -0.402867, 0.914496, -0.014414, 0.915257, 0.402613, -0.954802, -0.857559, 0.549013)

[node name="Head_2" parent="MeshRoot/Robot/Armature/Skeleton3D" index="36"]
transform = Transform3D(1, 3.58277e-06, 0.000387764, 0.000224924, 0.809203, -0.58753, -0.000315885, 0.58753, 0.809203, 0.00482487, 4.13067, 1.4962)

[node name="Inner Eye Lights" parent="MeshRoot/Robot/Armature/Skeleton3D" index="37"]
transform = Transform3D(1, 0.000387764, -3.58277e-06, 0.000224924, -0.58753, -0.809203, -0.000315885, 0.809203, -0.58753, 0.00501837, 3.88976, 1.92802)

[node name="Lights 2" parent="MeshRoot/Robot/Armature/Skeleton3D" index="38"]
transform = Transform3D(1, 0.000387764, -3.58277e-06, 0.000224924, -0.58753, -0.809203, -0.000315885, 0.809203, -0.58753, 0.0050098, 3.89139, 1.90263)

[node name="Right Arm_012" parent="MeshRoot/Robot/Armature/Skeleton3D" index="39"]
transform = Transform3D(1, 1.37736e-05, 0.000387532, 8.60386e-05, 0.966578, -0.25637, -0.000378111, 0.25637, 0.966579, -0.0203262, 3.46228, 0.673417)

[node name="Main Body_2" parent="MeshRoot/Robot/Armature/Skeleton3D" index="40"]
transform = Transform3D(0.999587, 2.5748e-05, -0.0287259, -0.00736591, 0.966795, -0.255448, 0.0277655, 0.255554, 0.966396, 0.00471406, 2.51341, 0.448688)

[node name="Reactor Casing" parent="MeshRoot/Robot/Armature/Skeleton3D" index="41"]
transform = Transform3D(0.999587, 2.5748e-05, -0.0287259, -0.00736591, 0.966795, -0.255448, 0.0277655, 0.255554, 0.966396, -0.040391, 2.1839, 1.98511)

[node name="Reactor" parent="MeshRoot/Robot/Armature/Skeleton3D" index="42"]
transform = Transform3D(0.999587, 2.5748e-05, -0.0287259, -0.00736591, 0.966795, -0.255448, 0.0277655, 0.255554, 0.966396, -0.0421835, 2.19392, 2.0523)

[node name="Finger End 1_001" parent="MeshRoot/Robot/Armature/Skeleton3D" index="43"]
transform = Transform3D(0.307649, -0.105735, -0.945606, 0.933896, 0.22384, 0.27881, 0.182185, -0.968875, 0.16761, 3.04406, 4.07124, 5.15463)

[node name="Finger Middle 1_001" parent="MeshRoot/Robot/Armature/Skeleton3D" index="44"]
transform = Transform3D(0.307649, -0.105735, -0.945606, 0.933895, 0.22384, 0.27881, 0.182185, -0.968873, 0.16761, 2.97049, 3.96205, 4.92119)

[node name="Finger Base 1_001" parent="MeshRoot/Robot/Armature/Skeleton3D" index="45"]
transform = Transform3D(0.307649, -0.105735, -0.945606, 0.933895, 0.223839, 0.27881, 0.182184, -0.968874, 0.16761, 2.89444, 3.84854, 4.67932)

[node name="Finger End 2_001" parent="MeshRoot/Robot/Armature/Skeleton3D" index="46"]
transform = Transform3D(0.307649, -0.105735, -0.945606, 0.933895, 0.223839, 0.27881, 0.182184, -0.968874, 0.16761, 2.98019, 3.78264, 5.27439)

[node name="Finger Middle 2_001" parent="MeshRoot/Robot/Armature/Skeleton3D" index="47"]
transform = Transform3D(0.307649, -0.105735, -0.945606, 0.933895, 0.22384, 0.27881, 0.182185, -0.968874, 0.16761, 2.91547, 3.71391, 5.02356)

[node name="Finger Base 2_001" parent="MeshRoot/Robot/Armature/Skeleton3D" index="48"]
transform = Transform3D(0.307649, -0.105735, -0.945606, 0.933895, 0.223841, 0.27881, 0.182186, -0.968873, 0.16761, 2.85149, 3.64449, 4.77237)

[node name="Finger End 3_001" parent="MeshRoot/Robot/Armature/Skeleton3D" index="49"]
transform = Transform3D(0.309253, -0.105066, -0.945158, 0.932689, 0.227498, 0.279884, 0.185616, -0.968094, 0.168349, 2.90184, 3.48289, 5.33276)

[node name="Finger Middle 3_001" parent="MeshRoot/Robot/Armature/Skeleton3D" index="50"]
transform = Transform3D(0.309254, -0.105066, -0.945157, 0.93269, 0.2275, 0.279884, 0.185617, -0.968094, 0.168349, 2.84952, 3.46287, 5.07067)

[node name="Finger Base 3_001" parent="MeshRoot/Robot/Armature/Skeleton3D" index="51"]
transform = Transform3D(0.309253, -0.105066, -0.945158, 0.932688, 0.2275, 0.279884, 0.185617, -0.968093, 0.168349, 2.79206, 3.43938, 4.78082)

[node name="Finger End 4_001" parent="MeshRoot/Robot/Armature/Skeleton3D" index="52"]
transform = Transform3D(0.309253, -0.105066, -0.945158, 0.932689, 0.227498, 0.279884, 0.185615, -0.968094, 0.168349, 2.70473, 3.04979, 4.9443)

[node name="Finger Base 4_001" parent="MeshRoot/Robot/Armature/Skeleton3D" index="53"]
transform = Transform3D(0.309253, -0.105066, -0.945158, 0.932689, 0.227499, 0.279884, 0.185616, -0.968094, 0.168349, 2.71901, 3.25767, 4.65307)

[node name="Left Hand_001" parent="MeshRoot/Robot/Armature/Skeleton3D" index="54"]
transform = Transform3D(0.308689, -0.106048, -0.945232, 0.934119, 0.221084, 0.280256, 0.179255, -0.969472, 0.167308, 2.80818, 3.57823, 4.87079)

[node name="Left Wrist Guard" parent="MeshRoot/Robot/Armature/Skeleton3D" index="55"]
transform = Transform3D(0.308689, -0.106048, -0.945232, 0.934119, 0.221084, 0.280256, 0.179255, -0.969472, 0.167308, 2.58457, 3.51062, 3.9253)

[node name="Left Arm_011" parent="MeshRoot/Robot/Armature/Skeleton3D" index="56"]
transform = Transform3D(0.308689, -0.106048, -0.945232, 0.934119, 0.221084, 0.280256, 0.179255, -0.969472, 0.167308, 2.43749, 3.3369, 3.05446)

[node name="Left Arm_010" parent="MeshRoot/Robot/Armature/Skeleton3D" index="57"]
transform = Transform3D(0.308689, -0.106048, -0.945232, 0.934119, 0.221084, 0.280256, 0.179255, -0.969472, 0.167308, 2.3964, 3.31042, 2.86667)

[node name="Left Arm_009" parent="MeshRoot/Robot/Armature/Skeleton3D" index="58"]
transform = Transform3D(0.308668, -0.106793, -0.945156, 0.934389, 0.219872, 0.280308, 0.177879, -0.969665, 0.167654, 2.35524, 3.28383, 2.67892)

[node name="Left Arm_008" parent="MeshRoot/Robot/Armature/Skeleton3D" index="59"]
transform = Transform3D(0.308433, -0.113839, -0.944409, 0.936837, 0.2085, 0.280827, 0.164941, -0.971374, 0.170957, 2.31343, 3.25605, 2.49151)

[node name="Left Arm_007" parent="MeshRoot/Robot/Armature/Skeleton3D" index="60"]
transform = Transform3D(0.237046, -0.119081, -0.964172, 0.946064, 0.253901, 0.201236, 0.220841, -0.959872, 0.172845, 2.27299, 3.23076, 2.30344)

[node name="Left Arm_006" parent="MeshRoot/Robot/Armature/Skeleton3D" index="61"]
transform = Transform3D(0.306952, -0.12145, -0.943944, 0.939495, 0.197159, 0.280138, 0.152084, -0.97282, 0.17462, 2.23408, 3.20576, 2.12525)

[node name="Left Arm_005" parent="MeshRoot/Robot/Armature/Skeleton3D" index="62"]
transform = Transform3D(0.308825, -0.100515, -0.945792, 0.93204, 0.230156, 0.279875, 0.189548, -0.967949, 0.164762, 2.18935, 3.17565, 1.92643)

[node name="Left Arm_004" parent="MeshRoot/Robot/Armature/Skeleton3D" index="63"]
transform = Transform3D(0.308713, -0.106822, -0.945138, 0.934331, 0.220124, 0.280304, 0.178105, -0.969605, 0.167762, 2.14869, 3.15, 1.73838)

[node name="Left Arm_003" parent="MeshRoot/Robot/Armature/Skeleton3D" index="64"]
transform = Transform3D(0.308621, -0.1073, -0.945113, 0.934589, 0.219004, 0.280321, 0.176905, -0.969806, 0.16787, 2.10742, 3.12322, 1.55066)

[node name="Left Arm_002" parent="MeshRoot/Robot/Armature/Skeleton3D" index="65"]
transform = Transform3D(0.308332, -0.107068, -0.945234, 0.934841, 0.218022, 0.280246, 0.176077, -0.970053, 0.167315, 2.06613, 3.09624, 1.36298)

[node name="Left Arm_001" parent="MeshRoot/Robot/Armature/Skeleton3D" index="66"]
transform = Transform3D(0.308118, -0.106965, -0.945316, 0.93505, 0.217187, 0.280197, 0.175339, -0.970252, 0.166937, 2.0249, 3.06907, 1.17531)

[node name="Left Arm" parent="MeshRoot/Robot/Armature/Skeleton3D" index="67"]
transform = Transform3D(0.310856, -0.105945, -0.944534, 0.931619, 0.230837, 0.280713, 0.188293, -0.967207, 0.170457, 1.98371, 3.04315, 0.987616)

[node name="Left Shoulder" parent="MeshRoot/Robot/Armature/Skeleton3D" index="68"]
transform = Transform3D(1, 1.31746e-05, 0.000387534, 8.67844e-05, 0.966578, -0.25637, -0.000377919, 0.25637, 0.966579, 0.00471413, 2.51341, 0.448688)

[node name="Finger End 1" parent="MeshRoot/Robot/Armature/Skeleton3D" index="69"]
transform = Transform3D(0.304898, 0.106819, 0.946375, -0.93458, 0.224798, 0.275725, -0.18329, -0.968532, 0.168371, -3.00649, 4.07169, 5.16119)

[node name="Finger Middle 1" parent="MeshRoot/Robot/Armature/Skeleton3D" index="70"]
transform = Transform3D(0.304898, 0.106819, 0.946375, -0.93458, 0.224797, 0.275725, -0.18329, -0.968532, 0.168371, -2.93315, 3.96258, 4.92765)

[node name="Finger Base 1" parent="MeshRoot/Robot/Armature/Skeleton3D" index="71"]
transform = Transform3D(0.304898, 0.106819, 0.946375, -0.93458, 0.224797, 0.275725, -0.183289, -0.968532, 0.168371, -2.85683, 3.84931, 4.68575)

[node name="Finger End 2" parent="MeshRoot/Robot/Armature/Skeleton3D" index="72"]
transform = Transform3D(0.304898, 0.106819, 0.946375, -0.93458, 0.224797, 0.275725, -0.18329, -0.968532, 0.168371, -2.94355, 3.78273, 5.28061)

[node name="Finger Middle 2" parent="MeshRoot/Robot/Armature/Skeleton3D" index="73"]
transform = Transform3D(0.304898, 0.106819, 0.946375, -0.93458, 0.224797, 0.275725, -0.18329, -0.968532, 0.168371, -2.87893, 3.71414, 5.02971)

[node name="Finger Base 2" parent="MeshRoot/Robot/Armature/Skeleton3D" index="74"]
transform = Transform3D(0.304898, 0.106819, 0.946375, -0.93458, 0.224797, 0.275725, -0.183289, -0.968532, 0.168371, -2.81324, 3.64539, 4.77878)

[node name="Finger End 3" parent="MeshRoot/Robot/Armature/Skeleton3D" index="75"]
transform = Transform3D(0.304898, 0.106819, 0.946375, -0.93458, 0.224797, 0.275725, -0.183289, -0.968533, 0.168371, -2.86447, 3.47576, 5.33884)

[node name="Finger Middle 3" parent="MeshRoot/Robot/Armature/Skeleton3D" index="76"]
transform = Transform3D(0.304898, 0.106819, 0.946375, -0.93458, 0.224797, 0.275725, -0.183289, -0.968532, 0.168371, -2.81233, 3.45691, 5.07663)

[node name="Finger Base 3" parent="MeshRoot/Robot/Armature/Skeleton3D" index="77"]
transform = Transform3D(0.304898, 0.106819, 0.946375, -0.93458, 0.224797, 0.275725, -0.183289, -0.968532, 0.168371, -2.75362, 3.43513, 4.7869)

[node name="Finger End 4" parent="MeshRoot/Robot/Armature/Skeleton3D" index="78"]
transform = Transform3D(0.304898, 0.106819, 0.946375, -0.93458, 0.224797, 0.275725, -0.183289, -0.968532, 0.168371, -2.66914, 3.04395, 4.94807)

[node name="Finger Base 4" parent="MeshRoot/Robot/Armature/Skeleton3D" index="79"]
transform = Transform3D(0.304898, 0.106819, 0.946375, -0.93458, 0.224796, 0.275725, -0.183288, -0.968532, 0.168371, -2.6752, 3.25559, 4.65926)

[node name="Right Hand" parent="MeshRoot/Robot/Armature/Skeleton3D" index="80"]
transform = Transform3D(0.303284, 0.108457, 0.946707, -0.935772, 0.22142, 0.274415, -0.179858, -0.969128, 0.168644, -2.80657, 3.56486, 4.88111)

[node name="Right Wrist Guard" parent="MeshRoot/Robot/Armature/Skeleton3D" index="81"]
transform = Transform3D(0.303284, 0.108457, 0.946707, -0.935772, 0.22142, 0.274415, -0.179858, -0.969128, 0.168644, -2.58266, 3.50446, 3.92471)

[node name="Right Arm_011" parent="MeshRoot/Robot/Armature/Skeleton3D" index="82"]
transform = Transform3D(-0.242473, -0.212017, 0.946708, 0.951836, 0.136762, 0.274415, -0.187655, 0.967649, 0.168644, -2.43371, 3.3313, 3.05421)

[node name="Right Arm_010" parent="MeshRoot/Robot/Armature/Skeleton3D" index="83"]
transform = Transform3D(-0.242473, -0.212017, 0.946707, 0.951836, 0.136762, 0.274415, -0.187655, 0.967649, 0.168644, -2.39257, 3.30476, 2.86644)

[node name="Right Arm_009" parent="MeshRoot/Robot/Armature/Skeleton3D" index="84"]
transform = Transform3D(-0.242323, -0.21234, 0.946673, 0.951738, 0.137395, 0.274438, -0.188342, 0.967488, 0.168798, -2.3514, 3.27816, 2.67869)

[node name="Right Arm_007" parent="MeshRoot/Robot/Armature/Skeleton3D" index="85"]
transform = Transform3D(-0.18463, -0.199572, 0.962332, 0.971379, 0.111838, 0.209559, -0.149448, 0.973479, 0.173212, -2.26936, 3.22469, 2.30302)

[node name="Right Arm_008" parent="MeshRoot/Robot/Armature/Skeleton3D" index="86"]
transform = Transform3D(-0.18463, -0.199572, 0.962332, 0.971379, 0.111838, 0.209559, -0.149448, 0.973479, 0.173212, -2.30809, 3.24639, 2.49192)

[node name="Right Arm_006" parent="MeshRoot/Robot/Armature/Skeleton3D" index="87"]
transform = Transform3D(-0.22476, -0.223917, 0.948337, 0.951477, 0.159491, 0.263163, -0.210179, 0.961469, 0.177205, -2.23027, 3.1999, 2.12595)

[node name="Right Arm_005" parent="MeshRoot/Robot/Armature/Skeleton3D" index="88"]
transform = Transform3D(-0.244612, -0.207264, 0.94721, 0.953214, 0.127543, 0.274071, -0.177616, 0.969935, 0.166368, -2.18531, 3.16976, 1.92561)

[node name="Right Arm_004" parent="MeshRoot/Robot/Armature/Skeleton3D" index="89"]
transform = Transform3D(-0.242094, -0.212936, 0.946599, 0.951606, 0.138241, 0.274471, -0.189303, 0.967237, 0.169164, -2.14455, 3.14399, 1.73768)

[node name="Right Arm_003" parent="MeshRoot/Robot/Armature/Skeleton3D" index="90"]
transform = Transform3D(-0.242011, -0.213049, 0.946594, 0.951552, 0.138608, 0.274475, -0.189682, 0.967159, 0.169183, -2.10322, 3.11713, 1.54999)

[node name="Right Arm_002" parent="MeshRoot/Robot/Armature/Skeleton3D" index="91"]
transform = Transform3D(-0.241929, -0.21266, 0.946703, 0.951493, 0.13914, 0.274409, -0.19008, 0.967169, 0.168682, -2.06192, 3.09018, 1.36231)

[node name="Right Arm_001" parent="MeshRoot/Robot/Armature/Skeleton3D" index="92"]
transform = Transform3D(-0.241655, -0.212485, 0.946812, 0.951308, 0.140532, 0.274341, -0.191351, 0.967006, 0.168179, -2.02067, 3.06304, 1.17465)

[node name="Right Arm" parent="MeshRoot/Robot/Armature/Skeleton3D" index="93"]
transform = Transform3D(-0.24394, -0.2128, 0.946155, 0.952736, 0.129574, 0.274779, -0.181071, 0.968466, 0.171134, -1.97942, 3.03684, 0.986909)

[node name="Right Shoulder" parent="MeshRoot/Robot/Armature/Skeleton3D" index="94"]
transform = Transform3D(1, 1.30664e-05, 0.000387534, 8.67553e-05, 0.966578, -0.25637, -0.000377909, 0.25637, 0.966579, 0.00471449, 2.51341, 0.448688)

[node name="Hips" parent="MeshRoot/Robot/Armature/Skeleton3D" index="95"]
transform = Transform3D(0.998041, 4.42389e-05, 0.0625564, 0.00865164, 0.990292, -0.138731, -0.0619553, 0.139, 0.988352, 0.00464276, -0.322944, -0.148072)

[node name="AnimationTree" type="AnimationTree" parent="MeshRoot"]
root_node = NodePath("../Robot")
tree_root = SubResource("AnimationNodeBlendTree_0fiv8")
anim_player = NodePath("../Robot/AnimationPlayer")
parameters/is_gliding/blend_amount = 0.0
parameters/jump/active = false
parameters/jump/internal_active = false
parameters/jump/request = 0
parameters/movement_anim_speed/scale = 1.0
parameters/movement_blend/blend_position = 0.0
parameters/on_floor_blend/blend_amount = 0.0

[node name="Glider" parent="MeshRoot" node_paths=PackedStringArray("player") instance=ExtResource("11_inerc")]
transform = Transform3D(0.2, 0, 0, 0, 0.2, 0, 0, 0, 0.2, 0, 0, 0)
script = ExtResource("12_sntr0")
player = NodePath("../..")

[node name="CamRoot" type="Node3D" parent="." node_paths=PackedStringArray("player")]
transform = Transform3D(1, 0, 0, 0, 1, 0, 0, 0, 1, 0, 0.869557, 0)
script = ExtResource("13_j0ncc")
player = NodePath("..")

[node name="CamYaw" type="Node3D" parent="CamRoot"]

[node name="CamPitch" type="Node3D" parent="CamRoot/CamYaw"]

[node name="SpringArm3D" type="SpringArm3D" parent="CamRoot/CamYaw/CamPitch" node_paths=PackedStringArray("player")]
shape = SubResource("SphereShape3D_fbxo0")
spring_length = -3.0
script = ExtResource("14_jlokr")
player = NodePath("../../../..")

[node name="Camera3D" type="Camera3D" parent="CamRoot/CamYaw/CamPitch/SpringArm3D"]
transform = Transform3D(-1, 0, -8.74228e-08, 0, 1, 0, 8.74228e-08, 0, -1, 0, 0, 0)
current = true

[node name="HurtOverlay" type="TextureRect" parent="."]
modulate = Color(1, 1, 1, 0)
anchors_preset = 15
anchor_right = 1.0
anchor_bottom = 1.0
grow_horizontal = 2
grow_vertical = 2
texture = ExtResource("15_4lvj7")
expand_mode = 1

[node name="SpeedOverlay" type="ColorRect" parent="."]
modulate = Color(1, 1, 1, 0)
material = SubResource("ShaderMaterial_5ddcd")
anchors_preset = 15
anchor_right = 1.0
anchor_bottom = 1.0
grow_horizontal = 2
grow_vertical = 2
color = Color(0, 0, 0, 1)

[node name="HealthBar" type="ProgressBar" parent="." node_paths=PackedStringArray("damage_bar")]
z_index = 1
offset_left = 8.0
offset_top = 14.0
offset_right = 248.0
offset_bottom = 54.0
theme_override_fonts/font = SubResource("FontVariation_364hi")
theme_override_styles/background = SubResource("StyleBoxEmpty_ai30p")
theme_override_styles/fill = SubResource("StyleBoxFlat_dxccx")
value = 60.0
script = ExtResource("17_ic8d8")
damage_bar = NodePath("DamageBar")

[node name="DamageBar" type="ProgressBar" parent="HealthBar"]
z_index = -1
layout_mode = 1
anchors_preset = 15
anchor_right = 1.0
anchor_bottom = 1.0
grow_horizontal = 2
grow_vertical = 2
theme_override_styles/background = SubResource("StyleBoxFlat_5ofko")
theme_override_styles/fill = SubResource("StyleBoxFlat_q6b0o")
value = 80.0
show_percentage = false

[node name="Timer" type="Timer" parent="HealthBar"]
wait_time = 0.4
one_shot = true

[node name="FallDamage" type="AudioStreamPlayer" parent="."]
stream = ExtResource("16_0wh5x")
pitch_scale = 0.75

[node name="SoundEffects" type="AudioStreamPlayer" parent="."]

[node name="Main Song" type="AudioStreamPlayer" parent="."]
stream = ExtResource("17_vstat")
volume_db = -10.0
pitch_scale = 0.75

[connection signal="pressed_glide" from="." to="AudioController" method="_glide"]
[connection signal="pressed_glide" from="." to="MovementController" method="_glide"]
[connection signal="pressed_glide" from="." to="AnimationController" method="_glide"]
[connection signal="pressed_glide" from="." to="MeshRoot/Glider" method="_glide"]
[connection signal="pressed_glide" from="." to="CamRoot" method="_glide"]
[connection signal="pressed_jump" from="." to="MovementController" method="_jump"]
[connection signal="pressed_jump" from="." to="AnimationController" method="_jump"]
[connection signal="set_movement_direction" from="." to="MovementController" method="_on_set_movement_direction"]
[connection signal="set_movement_state" from="." to="MovementController" method="_on_set_movement_state"]
[connection signal="set_movement_state" from="." to="AnimationController" method="_on_set_movement_state"]
[connection signal="set_movement_state" from="." to="CamRoot" method="_on_set_movement_state"]
[connection signal="glide_mode" from="MovementController" to="AnimationController" method="_glide"]
[connection signal="is_hurt" from="MovementController" to="AudioController" method="_hurt"]
[connection signal="set_cam_rotation" from="CamRoot" to="MovementController" method="_on_set_cam_rotation"]
[connection signal="timeout" from="HealthBar/Timer" to="HealthBar" method="_on_timer_timeout"]

[editable path="MeshRoot/Robot"]
