[gd_scene load_steps=42 format=3 uid="uid://bd2s4wf2tu7sm"]

[ext_resource type="Script" path="res://Scenes/Models/Player/Player.gd" id="1_dvppb"]
[ext_resource type="Resource" uid="uid://c08l7gnjmjaqu" path="res://Scenes/Models/Player/MovementStates/run.tres" id="2_mml65"]
[ext_resource type="Resource" uid="uid://difpuuckqhvsv" path="res://Scenes/Models/Player/MovementStates/stand.tres" id="3_moa87"]
[ext_resource type="Resource" uid="uid://brvevs4yorhgf" path="res://Scenes/Models/Player/MovementStates/walk.tres" id="4_vttyl"]
[ext_resource type="Resource" uid="uid://bl52gdpkd3csn" path="res://Scenes/Models/Player/JumpStates/jump.tres" id="5_qm2u8"]
[ext_resource type="Resource" uid="uid://dnvfiisdtrht" path="res://Scenes/Models/Player/GlideStates/glide.tres" id="6_mtxa7"]
[ext_resource type="Script" path="res://Scenes/Models/Player/audio_controller.gd" id="7_7iij5"]
[ext_resource type="Script" path="res://Scenes/Models/Player/movement_controller.gd" id="8_j5sic"]
[ext_resource type="Script" path="res://Scenes/Models/Player/animation_controller.gd" id="9_eodew"]
[ext_resource type="PackedScene" uid="uid://bhdvfievnjoad" path="res://Scenes/Models/Player/Player.tscn" id="10_5kxhf"]
[ext_resource type="PackedScene" uid="uid://enjqiqwhpu7" path="res://Scenes/Models/Player/Glider.tscn" id="11_inerc"]
[ext_resource type="Script" path="res://Scenes/Models/Player/Glider.gd" id="12_sntr0"]
[ext_resource type="Script" path="res://Scenes/Models/Player/camera_controller.gd" id="13_j0ncc"]
[ext_resource type="Script" path="res://Scenes/Models/Player/SpringArm3D.gd" id="14_jlokr"]
[ext_resource type="Texture2D" uid="uid://dt0nnojl3rji0" path="res://Assets/Character/Textures/Damage Overlay.png" id="15_4lvj7"]
[ext_resource type="AudioStream" uid="uid://pt0u3r8i0vdg" path="res://Assets/Sound/Effects/damage.wav" id="16_0wh5x"]
[ext_resource type="Shader" path="res://Scenes/Models/Player/SpeedOverlay.gdshader" id="16_1v2vt"]
[ext_resource type="Script" path="res://Scenes/Models/Player/HealthBar.gd" id="17_ic8d8"]
[ext_resource type="AudioStream" uid="uid://0mnwvfvadsp4" path="res://Assets/Sound/Music/Song 1.wav" id="17_vstat"]

[sub_resource type="CapsuleShape3D" id="CapsuleShape3D_ny02q"]

[sub_resource type="AnimationNodeAnimation" id="AnimationNodeAnimation_uhh3q"]
animation = &"Falling"

[sub_resource type="AnimationNodeAnimation" id="AnimationNodeAnimation_4lju0"]
animation = &"Glide"

[sub_resource type="AnimationNodeAnimation" id="AnimationNodeAnimation_6t4by"]
animation = &"Jump"

[sub_resource type="AnimationNodeBlend2" id="AnimationNodeBlend2_p55mh"]

[sub_resource type="AnimationNodeOneShot" id="AnimationNodeOneShot_rmhht"]

[sub_resource type="AnimationNodeTimeScale" id="AnimationNodeTimeScale_qoddc"]

[sub_resource type="AnimationNodeAnimation" id="AnimationNodeAnimation_sivxs"]
animation = &"Idle"

[sub_resource type="AnimationNodeAnimation" id="AnimationNodeAnimation_wbm5n"]
animation = &"Walk"

[sub_resource type="AnimationNodeAnimation" id="AnimationNodeAnimation_ci5d5"]
animation = &"Running"

[sub_resource type="AnimationNodeBlendSpace1D" id="AnimationNodeBlendSpace1D_h2nin"]
blend_point_0/node = SubResource("AnimationNodeAnimation_sivxs")
blend_point_0/pos = 0.0
blend_point_1/node = SubResource("AnimationNodeAnimation_wbm5n")
blend_point_1/pos = 1.0
blend_point_2/node = SubResource("AnimationNodeAnimation_ci5d5")
blend_point_2/pos = 2.0
min_space = 0.0
max_space = 3.0
snap = 1.0

[sub_resource type="AnimationNodeBlend2" id="AnimationNodeBlend2_gxhi5"]

[sub_resource type="AnimationNodeBlendTree" id="AnimationNodeBlendTree_0fiv8"]
graph_offset = Vector2(39.6885, 312.508)
nodes/Animation/node = SubResource("AnimationNodeAnimation_6t4by")
nodes/Animation/position = Vector2(400, 400)
"nodes/Animation 2/node" = SubResource("AnimationNodeAnimation_uhh3q")
"nodes/Animation 2/position" = Vector2(120, 620)
"nodes/Animation 3/node" = SubResource("AnimationNodeAnimation_4lju0")
"nodes/Animation 3/position" = Vector2(140, 740)
nodes/is_gliding/node = SubResource("AnimationNodeBlend2_p55mh")
nodes/is_gliding/position = Vector2(660, 580)
nodes/jump/node = SubResource("AnimationNodeOneShot_rmhht")
nodes/jump/position = Vector2(1200, 520)
nodes/movement_anim_speed/node = SubResource("AnimationNodeTimeScale_qoddc")
nodes/movement_anim_speed/position = Vector2(660, 1000)
nodes/movement_blend/node = SubResource("AnimationNodeBlendSpace1D_h2nin")
nodes/movement_blend/position = Vector2(400, 1040)
nodes/on_floor_blend/node = SubResource("AnimationNodeBlend2_gxhi5")
nodes/on_floor_blend/position = Vector2(1580, 720)
nodes/output/position = Vector2(1860, 660)
node_connections = [&"is_gliding", 0, &"Animation 2", &"is_gliding", 1, &"Animation 3", &"jump", 0, &"movement_anim_speed", &"jump", 1, &"Animation", &"movement_anim_speed", 0, &"movement_blend", &"on_floor_blend", 0, &"is_gliding", &"on_floor_blend", 1, &"jump", &"output", 0, &"on_floor_blend"]

[sub_resource type="SphereShape3D" id="SphereShape3D_fbxo0"]
radius = 0.07

[sub_resource type="FastNoiseLite" id="FastNoiseLite_aw0s0"]

[sub_resource type="NoiseTexture2D" id="NoiseTexture2D_ow4ag"]
width = 1024
height = 1024
noise = SubResource("FastNoiseLite_aw0s0")

[sub_resource type="ShaderMaterial" id="ShaderMaterial_5ddcd"]
shader = ExtResource("16_1v2vt")
shader_parameter/line_color = Color(0.509286, 0.509286, 0.509286, 1)
shader_parameter/line_count = 2.0
shader_parameter/line_density = 0.135
shader_parameter/line_falloff = 0.827
shader_parameter/mask_size = 0.299
shader_parameter/mask_edge = 0.367
shader_parameter/animation_speed = 3.74
shader_parameter/noise = SubResource("NoiseTexture2D_ow4ag")

[sub_resource type="FontVariation" id="FontVariation_364hi"]
variation_embolden = 1.06

[sub_resource type="StyleBoxEmpty" id="StyleBoxEmpty_ai30p"]

[sub_resource type="StyleBoxFlat" id="StyleBoxFlat_dxccx"]
bg_color = Color(0.452292, 0.663102, 0.44814, 1)

[sub_resource type="StyleBoxFlat" id="StyleBoxFlat_5ofko"]
bg_color = Color(0.262932, 0.262932, 0.262932, 1)
expand_margin_left = 5.0
expand_margin_top = 5.0
expand_margin_right = 5.0
expand_margin_bottom = 5.0
shadow_color = Color(0, 0, 0, 0.27451)
shadow_offset = Vector2(0, 1)

[sub_resource type="StyleBoxFlat" id="StyleBoxFlat_q6b0o"]
bg_color = Color(0.811075, 0.856637, 0.833661, 1)

[node name="Player" type="CharacterBody3D"]
transform = Transform3D(1, 0, 0, 0, 1, 0, 0, 0, 1, 0, 1, 0)
script = ExtResource("1_dvppb")
movement_states = {
"run": ExtResource("2_mml65"),
"stand": ExtResource("3_moa87"),
"walk": ExtResource("4_vttyl")
}
jump_states = {
"jump": ExtResource("5_qm2u8")
}
glide_states = {
"glide": ExtResource("6_mtxa7")
}

[node name="AudioController" type="Node" parent="." node_paths=PackedStringArray("fall_damage_player", "main_song", "sound_effects", "player")]
script = ExtResource("7_7iij5")
fall_damage_player = NodePath("../FallDamage")
main_song = NodePath("../Main Song")
sound_effects = NodePath("../SoundEffects")
player = NodePath("..")

[node name="MovementController" type="Node" parent="." node_paths=PackedStringArray("player", "mesh_root", "hurt_overlay", "speed_overlay", "health_bar", "skeleton")]
script = ExtResource("8_j5sic")
player = NodePath("..")
mesh_root = NodePath("../MeshRoot")
hurt_overlay = NodePath("../HurtOverlay")
speed_overlay = NodePath("../SpeedOverlay")
health_bar = NodePath("../HealthBar")
skeleton = NodePath("../MeshRoot/Robot/Armature/Skeleton3D")
glide_states = {
"glide": ExtResource("6_mtxa7")
}

[node name="AnimationController" type="Node" parent="." node_paths=PackedStringArray("animation_tree", "player")]
script = ExtResource("9_eodew")
animation_tree = NodePath("../MeshRoot/AnimationTree")
player = NodePath("..")

[node name="CollisionShape3D" type="CollisionShape3D" parent="."]
shape = SubResource("CapsuleShape3D_ny02q")

[node name="MeshRoot" type="Node3D" parent="."]

[node name="Robot" parent="MeshRoot" instance=ExtResource("10_5kxhf")]
transform = Transform3D(1, 0, 0, 0, 1, 0, 0, 0, 1, 0, -1.02912, 0)

[node name="Skeleton3D" parent="MeshRoot/Robot/Armature" index="0"]
bones/1/position = Vector3(2.455, 8.60511, 3.16529)
bones/3/position = Vector3(-2.46437, 8.60511, 3.16529)
bones/5/position = Vector3(0, 5.70156, 0)
bones/5/rotation = Quaternion(0.0703003, 0, 0, 0.997526)
bones/7/rotation = Quaternion(-0.446474, 0.0900964, 0.0571278, 0.888415)
bones/8/rotation = Quaternion(8.64501e-08, 1.19831e-07, -0.0911504, 0.995837)
bones/9/rotation = Quaternion(3.41257e-08, -2.37227e-07, -0.068095, 0.997679)
bones/10/rotation = Quaternion(2.07818e-08, 2.36663e-07, -0.0409362, 0.999162)
bones/11/rotation = Quaternion(-1.17175e-05, -0.0019178, -0.0061122, 0.999979)
bones/12/rotation = Quaternion(6.01392e-05, 0.00191678, 0.031367, 0.999506)
bones/13/rotation = Quaternion(-4.19184e-08, 1.20338e-07, 0.0703966, 0.997519)
bones/14/rotation = Quaternion(-1.13489e-07, 3.57784e-07, 0.105997, 0.994366)
bones/15/rotation = Quaternion(0.00120164, -0.00904838, 0.13166, 0.991253)
bones/16/rotation = Quaternion(0.0020113, 0.00890298, 0.220361, 0.975376)
bones/31/position = Vector3(-1.19658, 3.00999, -2.22869)
bones/32/position = Vector3(0.0409813, -0.261409, -5.76169e-05)
bones/32/rotation = Quaternion(0.000113419, 0.000698987, 0.160203, 0.987084)
bones/42/position = Vector3(-2.74321, 2.2395, -1.59461)
bones/43/position = Vector3(-0.0409653, -0.261383, -5.77883e-05)
bones/43/rotation = Quaternion(-0.000157933, -0.000690231, 0.223101, 0.974795)
bones/52/rotation = Quaternion(-0.379391, 0.25517, 0.523972, 0.718612)
bones/53/rotation = Quaternion(4.1346e-08, -1.02457e-07, 0.103824, 0.994596)
bones/54/rotation = Quaternion(4.13813e-08, 2.377e-07, 0.0776631, 0.99698)
bones/55/rotation = Quaternion(2.45095e-08, -2.40011e-07, 0.0467206, 0.998908)
bones/56/rotation = Quaternion(-1.3819e-05, 0.00191779, 0.00720692, 0.999972)
bones/57/rotation = Quaternion(6.85923e-05, -0.00191649, -0.0357789, 0.999358)
bones/58/rotation = Quaternion(-5.66827e-08, -1.19415e-07, -0.0802405, 0.996776)
bones/59/rotation = Quaternion(-1.39773e-07, -3.55679e-07, -0.120613, 0.9927)
bones/60/rotation = Quaternion(0.00136335, 0.00902542, -0.14938, 0.988738)
bones/61/rotation = Quaternion(0.00218069, -0.00886299, -0.238921, 0.970996)
bones/76/rotation = Quaternion(0.0592395, -0.000235748, 0.00724406, 0.998218)
bones/79/rotation = Quaternion(0.197761, 1.82893e-06, 8.17055e-05, 0.98025)
bones/87/rotation = Quaternion(-0.000896317, 0.00168269, -0.717235, 0.696829)
bones/88/rotation = Quaternion(-0.00494084, 7.14921e-05, 0.297733, 0.954636)
bones/89/rotation = Quaternion(0.525254, -0.42571, -0.12949, 0.725335)
bones/90/rotation = Quaternion(-0.00207246, -0.00334011, -0.00783028, 0.999962)
bones/91/rotation = Quaternion(0.00182163, 2.00848e-07, 0.00680353, 0.999975)
bones/92/rotation = Quaternion(-0.000194959, 4.84237e-06, -0.000390787, 1)
bones/93/rotation = Quaternion(-0.000286623, 4.71048e-06, -0.000444881, 1)
bones/94/rotation = Quaternion(5.61461e-05, -1.05998e-07, -0.000615754, 1)
bones/95/rotation = Quaternion(0.00155009, -2.91675e-06, -0.00580586, 0.999982)
bones/96/rotation = Quaternion(-0.00497294, 0.000658843, 0.0190801, 0.999805)
bones/97/rotation = Quaternion(0.00869774, 0.0397979, -0.0283107, 0.998769)
bones/98/rotation = Quaternion(-0.00666238, -0.04047, 0.0217891, 0.998921)
bones/99/rotation = Quaternion(0.00171292, -3.04611e-07, -0.00655342, 0.999977)
bones/100/rotation = Quaternion(0.000179275, -2.51457e-08, -0.000698349, 1)
bones/102/rotation = Quaternion(-6.28291e-09, -7.81915e-08, 0.00604859, 0.999982)
bones/105/rotation = Quaternion(-6.62427e-10, 1.44506e-07, 0.00087978, 1)
bones/109/rotation = Quaternion(-8.77514e-08, 3.3197e-07, 0.0640607, 0.997946)
bones/110/rotation = Quaternion(1.39102e-08, -8.02659e-08, -0.00846498, 0.999964)
bones/111/rotation = Quaternion(-1.23116e-10, 1.42563e-07, 3.92348e-05, 1)
bones/115/rotation = Quaternion(5.14655e-08, 4.24464e-07, -0.0351677, 0.999381)
bones/121/rotation = Quaternion(7.624e-07, 8.13779e-07, -0.396704, 0.917946)
bones/122/rotation = Quaternion(2.39691e-09, -5.35418e-08, -0.0011728, 0.999999)
bones/140/rotation = Quaternion(-0.00108472, -0.00157224, 0.707184, 0.707027)
bones/141/rotation = Quaternion(-0.00484098, -0.000232663, -0.297911, 0.954581)
bones/142/rotation = Quaternion(0.525087, 0.425345, 0.130049, 0.72557)
bones/143/rotation = Quaternion(-0.00161217, 0.000125805, 0.00566776, 0.999983)
bones/144/rotation = Quaternion(0.00152979, -1.66975e-07, -0.0053136, 0.999985)
bones/145/rotation = Quaternion(-0.000259948, -4.92711e-06, 0.000656254, 1)
bones/146/rotation = Quaternion(-0.00025809, -4.8241e-06, 0.000205244, 1)
bones/147/rotation = Quaternion(9.99786e-06, 2.00035e-07, 0.000196448, 1)
bones/148/rotation = Quaternion(0.00144456, 3.05097e-06, 0.00603126, 0.999981)
bones/149/rotation = Quaternion(-0.0042737, -0.00641461, -0.0179905, 0.999808)
bones/150/rotation = Quaternion(0.00728551, -0.0268001, 0.0264981, 0.999263)
bones/151/rotation = Quaternion(-0.00563094, 0.0332222, -0.0210139, 0.999211)
bones/152/rotation = Quaternion(0.00160057, 3.19791e-07, 0.00690656, 0.999975)
bones/153/rotation = Quaternion(7.9737e-05, 2.70083e-08, 0.000355281, 1)
bones/155/rotation = Quaternion(-6.09949e-09, 7.80795e-08, -0.0060486, 0.999982)
bones/156/rotation = Quaternion(-1.56508e-07, -1.89241e-07, -0.133093, 0.991104)
bones/157/rotation = Quaternion(-1.45058e-08, -2.28915e-08, -0.00825755, 0.999966)
bones/158/rotation = Quaternion(-6.41562e-10, -1.4453e-07, -0.00087978, 1)
bones/162/rotation = Quaternion(-8.27381e-08, -3.3349e-07, -0.0640607, 0.997946)
bones/168/rotation = Quaternion(4.92962e-08, -4.23882e-07, 0.0351676, 0.999381)
bones/169/rotation = Quaternion(1.06161e-08, -8.55839e-08, 0.00496715, 0.999988)
bones/170/rotation = Quaternion(1.42861e-08, -3.03825e-08, 0.00712437, 0.999975)
bones/174/rotation = Quaternion(7.5165e-07, -8.11006e-07, 0.396704, 0.917946)
bones/175/rotation = Quaternion(1.22299e-10, 5.35334e-08, 0.00117277, 0.999999)

[node name="Lower Left Leg" parent="MeshRoot/Robot/Armature/Skeleton3D" index="0"]
transform = Transform3D(0.998281, -0.0238576, -0.0535399, -0.0301821, 0.573792, -0.818444, 0.0502468, 0.818653, 0.572086, 0.921445, -2.89756, -1.16324)

[node name="Left Leg Joint Cutouts" parent="MeshRoot/Robot/Armature/Skeleton3D" index="1"]
transform = Transform3D(0.998281, -0.0238576, -0.0535399, -0.0301821, 0.573792, -0.818444, 0.0502468, 0.818653, 0.572086, 0.903288, -2.38272, -0.545183)

[node name="Lower Left Leg Joint" parent="MeshRoot/Robot/Armature/Skeleton3D" index="2"]
transform = Transform3D(0.998281, -0.0238576, -0.0535399, -0.0301821, 0.573792, -0.818444, 0.0502468, 0.818653, 0.572086, 0.911422, -2.29237, -0.423394)

[node name="Lower Left Leg Joint" parent="MeshRoot/Robot/Armature/Skeleton3D/Lower Left Leg Joint" index="0"]
transform = Transform3D(1, -3.72529e-09, -3.72529e-09, -1.86265e-09, 1, -2.98023e-08, 0, -2.98023e-08, 1, 0, 0, 0)

[node name="Lower Left Leg Light" parent="MeshRoot/Robot/Armature/Skeleton3D" index="3"]
transform = Transform3D(0.998281, -0.0238576, -0.0535399, -0.0301821, 0.573792, -0.818444, 0.0502468, 0.818653, 0.572086, 1.21397, -2.65415, -1.13239)

[node name="Limb Segment_018" parent="MeshRoot/Robot/Armature/Skeleton3D" index="4"]
transform = Transform3D(0.998094, -0.0193549, 0.0585974, -0.0457572, -0.869236, 0.492276, 0.0414068, -0.494019, -0.868465, 0.920231, -1.40397, 0.158446)

[node name="Limb Segment_017" parent="MeshRoot/Robot/Armature/Skeleton3D" index="5"]
transform = Transform3D(0.998285, -0.0164468, 0.0561792, -0.0299156, -0.968266, 0.248125, 0.0503153, -0.24938, -0.967098, 0.918162, -1.3345, -0.0156928)

[node name="Limb Segment_016" parent="MeshRoot/Robot/Armature/Skeleton3D" index="6"]
transform = Transform3D(0.996821, -0.0608875, 0.0513912, -0.0628974, -0.997279, 0.0384408, 0.0489106, -0.0415509, -0.997939, 0.939993, -1.32076, -0.11795)

[node name="Limb Segment_015" parent="MeshRoot/Robot/Armature/Skeleton3D" index="7"]
transform = Transform3D(0.998174, -0.0380431, 0.0469242, -0.0330869, -0.994212, -0.102216, 0.050541, 0.100477, -0.993655, 0.934045, -1.32255, -0.154794)

[node name="Limb Segment_014" parent="MeshRoot/Robot/Armature/Skeleton3D" index="8"]
transform = Transform3D(0.997887, -0.0472117, 0.0446288, -0.0392805, -0.985618, -0.164361, 0.0517465, 0.162261, -0.98539, 0.934376, -1.32342, -0.157092)

[node name="Limb Segment_013" parent="MeshRoot/Robot/Armature/Skeleton3D" index="9"]
transform = Transform3D(0.997585, -0.0528357, 0.0450899, -0.0454069, -0.987291, -0.152297, 0.0525634, 0.149882, -0.987306, 0.933421, -1.32423, -0.159059)

[node name="Limb Segment_012" parent="MeshRoot/Robot/Armature/Skeleton3D" index="10"]
transform = Transform3D(0.997707, -0.0184544, 0.0651191, -0.0137822, -0.997347, -0.0714815, 0.0662653, 0.0704202, -0.995314, 0.945531, -1.32789, -0.186824)

[node name="Limb Segment_011" parent="MeshRoot/Robot/Armature/Skeleton3D" index="11"]
transform = Transform3D(0.998505, -0.0423253, 0.034599, -0.0445306, -0.996847, 0.0656726, 0.03171, -0.067115, -0.997242, 0.933318, -1.32792, -0.257306)

[node name="Limb Segment_003" parent="MeshRoot/Robot/Armature/Skeleton3D" index="12"]
transform = Transform3D(0.996992, -0.0110182, 0.0767129, -0.0295216, -0.969208, 0.244469, 0.0716569, -0.245998, -0.966618, 0.954154, -1.30965, -0.375861)

[node name="Left Foot" parent="MeshRoot/Robot/Armature/Skeleton3D" index="13"]
transform = Transform3D(0.999982, -1.57114e-06, 0.00605715, 0.00176242, 0.956804, -0.290729, -0.00579531, 0.290735, 0.956786, 0.925029, -3.77069, -1.30953)

[node name="Foot_005" parent="MeshRoot/Robot/Armature/Skeleton3D" index="14"]
transform = Transform3D(0.999982, -1.57114e-06, 0.00605715, 0.00176242, 0.956804, -0.290729, -0.00579531, 0.290735, 0.956786, 0.940109, -3.13132, -1.41498)

[node name="Foot_006" parent="MeshRoot/Robot/Armature/Skeleton3D" index="15"]
transform = Transform3D(0.999982, -1.57114e-06, 0.00605715, 0.00176242, 0.956804, -0.290729, -0.00579531, 0.290735, 0.956786, 0.943911, -4.20826, -1.08654)

[node name="Foot_007" parent="MeshRoot/Robot/Armature/Skeleton3D" index="16"]
transform = Transform3D(0.999982, -1.57114e-06, 0.00605715, 0.00176242, 0.956804, -0.290729, -0.00579531, 0.290735, 0.956786, 0.936816, -3.86771, -2.20729)

[node name="Left Foot Joint" parent="MeshRoot/Robot/Armature/Skeleton3D" index="17"]
transform = Transform3D(0.999982, -1.57114e-06, 0.00605715, 0.00176242, 0.956804, -0.290729, -0.00579531, 0.290735, 0.956786, 1.36246, -3.40446, -1.48596)

[node name="Right Foot" parent="MeshRoot/Robot/Armature/Skeleton3D" index="18"]
transform = Transform3D(0.999962, 3.62052e-07, -0.00872141, 0.00400236, 0.888474, 0.45891, 0.00774903, -0.458927, 0.88844, -0.916612, -2.56446, 2.8835)

[node name="Foot" parent="MeshRoot/Robot/Armature/Skeleton3D" index="19"]
transform = Transform3D(0.999962, 3.62052e-07, -0.00872141, 0.00400236, 0.888474, 0.45891, 0.00774903, -0.458927, 0.88844, -0.93093, -2.1798, 2.36199)

[node name="Foot_001" parent="MeshRoot/Robot/Armature/Skeleton3D" index="20"]
transform = Transform3D(0.999962, 3.62052e-07, -0.00872141, 0.00400236, 0.888474, 0.45891, 0.00774903, -0.458927, 0.88844, -0.936401, -2.72256, 3.34844)

[node name="Foot_002" parent="MeshRoot/Robot/Armature/Skeleton3D" index="21"]
transform = Transform3D(0.999962, 3.62052e-07, -0.00872141, 0.00400236, 0.888474, 0.45891, 0.00774903, -0.458927, 0.88844, -0.926185, -3.26011, 2.30775)

[node name="Right Foot Joint" parent="MeshRoot/Robot/Armature/Skeleton3D" index="22"]
transform = Transform3D(0.999962, 3.62052e-07, -0.00872141, 0.00400236, 0.888474, 0.45891, 0.00774903, -0.458927, 0.88844, -1.35331, -2.42557, 2.50062)

[node name="Lower Right Leg" parent="MeshRoot/Robot/Armature/Skeleton3D" index="23"]
transform = Transform3D(0.999118, -0.0187713, -0.0375772, 0.0317273, 0.923518, 0.38224, 0.0275281, -0.383095, 0.923299, -0.950895, -1.84245, 1.9402)

[node name="Lower Right Leg Joint" parent="MeshRoot/Robot/Armature/Skeleton3D" index="24"]
transform = Transform3D(0.999118, -0.0187713, -0.0375772, 0.0317273, 0.923518, 0.38224, 0.0275281, -0.383095, 0.923299, -0.974995, -0.989796, 1.50876)

[node name="Lower Right Leg Light" parent="MeshRoot/Robot/Armature/Skeleton3D" index="25"]
transform = Transform3D(0.999118, -0.0187713, -0.0375772, 0.0317273, 0.923518, 0.38224, 0.0275281, -0.383095, 0.923299, -1.23242, -1.78105, 1.68971)

[node name="Right Leg Joint Cutouts" parent="MeshRoot/Robot/Armature/Skeleton3D" index="26"]
transform = Transform3D(0.999118, -0.0187713, -0.0375772, 0.0317273, 0.923518, 0.38224, 0.0275281, -0.383095, 0.923299, -0.960829, -1.12741, 1.5714)

[node name="Limb Segment_010" parent="MeshRoot/Robot/Armature/Skeleton3D" index="27"]
transform = Transform3D(-0.998972, 0.0170846, -0.0419963, -0.043196, -0.640036, 0.76713, -0.013773, 0.768155, 0.640115, -0.988511, -0.255112, 0.744049)

[node name="Limb Segment_009" parent="MeshRoot/Robot/Armature/Skeleton3D" index="28"]
transform = Transform3D(-0.999114, -0.0134545, -0.039884, -0.0316213, -0.385494, 0.922168, -0.0277824, 0.922612, 0.384727, -0.966806, -0.43639, 0.634707)

[node name="Limb Segment_008" parent="MeshRoot/Robot/Armature/Skeleton3D" index="29"]
transform = Transform3D(-0.999313, 0.010407, -0.0355668, -0.0367381, -0.152322, 0.987648, 0.00486078, 0.988276, 0.152599, -0.978545, -0.551137, 0.602165)

[node name="Limb Segment_007" parent="MeshRoot/Robot/Armature/Skeleton3D" index="30"]
transform = Transform3D(-0.999194, -0.0248295, -0.0315348, -0.0317082, 0.00661251, 0.999475, -0.024608, 0.99967, -0.00739462, -0.96941, -0.592593, 0.600174)

[node name="Limb Segment_006" parent="MeshRoot/Robot/Armature/Skeleton3D" index="31"]
transform = Transform3D(-0.999352, -0.0207103, -0.0294692, -0.0310059, 0.0782674, 0.99645, -0.0183304, 0.996717, -0.0788589, -0.969579, -0.59537, 0.600647)

[node name="Limb Segment_005" parent="MeshRoot/Robot/Armature/Skeleton3D" index="32"]
transform = Transform3D(-0.999454, -0.0140996, -0.0298974, -0.0307424, 0.0640889, 0.99747, -0.0121479, 0.997845, -0.0644875, -0.968502, -0.597675, 0.601339)

[node name="Limb Segment_004" parent="MeshRoot/Robot/Armature/Skeleton3D" index="33"]
transform = Transform3D(-0.999167, -0.0246537, -0.0325227, -0.0317861, -0.0297121, 0.999053, -0.0255967, 0.999255, 0.0289035, -0.972231, -0.630623, 0.602448)

[node name="Limb Segment_001" parent="MeshRoot/Robot/Armature/Skeleton3D" index="34"]
transform = Transform3D(-0.999073, -0.0232373, -0.036247, -0.0313579, -0.184188, 0.982391, -0.0295044, 0.982616, 0.183289, -0.971521, -0.709437, 0.59442)

[node name="Limb Segment_002" parent="MeshRoot/Robot/Armature/Skeleton3D" index="35"]
transform = Transform3D(-0.999205, 0.00144202, -0.039849, -0.0373696, -0.382535, 0.923185, -0.0139124, 0.92394, 0.382284, -0.955129, -0.841368, 0.555905)

[node name="Head_2" parent="MeshRoot/Robot/Armature/Skeleton3D" index="36"]
transform = Transform3D(1, 3.57832e-06, 0.000387767, 0.00023412, 0.791577, -0.611069, -0.000309134, 0.611069, 0.791577, 0.00482485, 4.10617, 1.51547)

[node name="Inner Eye Lights" parent="MeshRoot/Robot/Armature/Skeleton3D" index="37"]
transform = Transform3D(1, 0.000387767, -3.57832e-06, 0.00023412, -0.611069, -0.791577, -0.000309134, 0.791577, -0.611069, 0.00501836, 3.85266, 1.94002)

[node name="Lights 2" parent="MeshRoot/Robot/Armature/Skeleton3D" index="38"]
transform = Transform3D(1, 0.000387767, -3.57832e-06, 0.00023412, -0.611069, -0.791577, -0.000309134, 0.791577, -0.611069, 0.00500979, 3.85504, 1.91469)

[node name="Right Arm_012" parent="MeshRoot/Robot/Armature/Skeleton3D" index="39"]
transform = Transform3D(1, 1.3768e-05, 0.000387533, 8.60442e-05, 0.966578, -0.25637, -0.000378111, 0.25637, 0.966579, -0.0203262, 3.46228, 0.673417)

[node name="Main Body_2" parent="MeshRoot/Robot/Armature/Skeleton3D" index="40"]
transform = Transform3D(0.999587, 2.57424e-05, -0.0287259, -0.0073659, 0.966795, -0.255448, 0.0277655, 0.255554, 0.966396, 0.00471405, 2.51341, 0.448688)

[node name="Reactor Casing" parent="MeshRoot/Robot/Armature/Skeleton3D" index="41"]
transform = Transform3D(0.999587, 2.57424e-05, -0.0287259, -0.0073659, 0.966795, -0.255448, 0.0277655, 0.255554, 0.966396, -0.040391, 2.1839, 1.98511)

[node name="Reactor" parent="MeshRoot/Robot/Armature/Skeleton3D" index="42"]
transform = Transform3D(0.999587, 2.57424e-05, -0.0287259, -0.0073659, 0.966795, -0.255448, 0.0277655, 0.255554, 0.966396, -0.0421835, 2.19392, 2.0523)

[node name="Finger End 1_001" parent="MeshRoot/Robot/Armature/Skeleton3D" index="43"]
transform = Transform3D(0.256787, -0.12404, -0.958475, 0.957246, 0.169323, 0.234545, 0.133199, -0.977725, 0.162217, 3.01024, 4.36193, 5.08365)

[node name="Finger Middle 1_001" parent="MeshRoot/Robot/Armature/Skeleton3D" index="44"]
transform = Transform3D(0.256787, -0.12404, -0.958475, 0.957245, 0.169323, 0.234545, 0.133199, -0.977724, 0.162217, 2.94133, 4.23741, 4.85655)

[node name="Finger Base 1_001" parent="MeshRoot/Robot/Armature/Skeleton3D" index="45"]
transform = Transform3D(0.256787, -0.12404, -0.958475, 0.957245, 0.169322, 0.234545, 0.133197, -0.977724, 0.162217, 2.87013, 4.10804, 4.62126)

[node name="Finger End 2_001" parent="MeshRoot/Robot/Armature/Skeleton3D" index="46"]
transform = Transform3D(0.256787, -0.12404, -0.958475, 0.957245, 0.169322, 0.234545, 0.133198, -0.977724, 0.162217, 2.96315, 4.07656, 5.21806)

[node name="Finger Middle 2_001" parent="MeshRoot/Robot/Armature/Skeleton3D" index="47"]
transform = Transform3D(0.256787, -0.12404, -0.958475, 0.957245, 0.169322, 0.234545, 0.133198, -0.977724, 0.162217, 2.90074, 3.99202, 4.97151)

[node name="Finger Base 2_001" parent="MeshRoot/Robot/Armature/Skeleton3D" index="48"]
transform = Transform3D(0.256787, -0.12404, -0.958475, 0.957245, 0.169323, 0.234545, 0.133199, -0.977724, 0.162217, 2.83911, 3.90681, 4.72463)

[node name="Finger End 3_001" parent="MeshRoot/Robot/Armature/Skeleton3D" index="49"]
transform = Transform3D(0.258477, -0.12357, -0.958081, 0.956301, 0.173046, 0.235677, 0.13667, -0.977131, 0.162898, 2.90183, 3.77624, 5.29182)

[node name="Finger Middle 3_001" parent="MeshRoot/Robot/Armature/Skeleton3D" index="50"]
transform = Transform3D(0.258477, -0.123569, -0.958081, 0.956302, 0.173048, 0.235677, 0.136672, -0.977132, 0.162898, 2.84904, 3.7404, 5.03152)

[node name="Finger Base 3_001" parent="MeshRoot/Robot/Armature/Skeleton3D" index="51"]
transform = Transform3D(0.258477, -0.123569, -0.958081, 0.9563, 0.173048, 0.235677, 0.136672, -0.977131, 0.162898, 2.79114, 3.69943, 4.74371)

[node name="Finger End 4_001" parent="MeshRoot/Robot/Armature/Skeleton3D" index="52"]
transform = Transform3D(0.258477, -0.12357, -0.958081, 0.9563, 0.173046, 0.235677, 0.13667, -0.977131, 0.162898, 2.72648, 3.31423, 4.92695)

[node name="Finger Base 4_001" parent="MeshRoot/Robot/Armature/Skeleton3D" index="53"]
transform = Transform3D(0.258477, -0.123569, -0.958081, 0.9563, 0.173047, 0.235677, 0.136671, -0.977131, 0.162898, 2.72742, 3.50786, 4.62572)

[node name="Left Hand_001" parent="MeshRoot/Robot/Armature/Skeleton3D" index="54"]
transform = Transform3D(0.257795, -0.124205, -0.958183, 0.95738, 0.166527, 0.235992, 0.130252, -0.978183, 0.161841, 2.80014, 3.84325, 4.82658)

[node name="Left Wrist Guard" parent="MeshRoot/Robot/Armature/Skeleton3D" index="55"]
transform = Transform3D(0.257795, -0.124205, -0.958183, 0.95738, 0.166527, 0.235992, 0.130252, -0.978183, 0.161841, 2.57464, 3.71662, 3.88762)

[node name="Left Arm_011" parent="MeshRoot/Robot/Armature/Skeleton3D" index="56"]
transform = Transform3D(0.257795, -0.124204, -0.958183, 0.95738, 0.166527, 0.235992, 0.130252, -0.978183, 0.161841, 2.43187, 3.49207, 3.02776)

[node name="Left Arm_010" parent="MeshRoot/Robot/Armature/Skeleton3D" index="57"]
transform = Transform3D(0.257795, -0.124204, -0.958183, 0.95738, 0.166527, 0.235992, 0.130252, -0.978183, 0.161841, 2.39112, 3.45409, 2.84188)

[node name="Left Arm_009" parent="MeshRoot/Robot/Armature/Skeleton3D" index="58"]
transform = Transform3D(0.257749, -0.124883, -0.958107, 0.95758, 0.165268, 0.236066, 0.128864, -0.97831, 0.162183, 2.35031, 3.41599, 2.65604)

[node name="Left Arm_008" parent="MeshRoot/Robot/Armature/Skeleton3D" index="59"]
transform = Transform3D(0.257298, -0.131301, -0.95737, 0.959365, 0.153457, 0.236788, 0.115824, -0.979393, 0.16545, 2.30891, 3.37669, 2.47061)

[node name="Left Arm_007" parent="MeshRoot/Robot/Armature/Skeleton3D" index="60"]
transform = Transform3D(0.185865, -0.138968, -0.972698, 0.967431, 0.199016, 0.156426, 0.171845, -0.970093, 0.171432, 2.26874, 3.33991, 2.28439)

[node name="Left Arm_006" parent="MeshRoot/Robot/Armature/Skeleton3D" index="61"]
transform = Transform3D(0.255592, -0.138283, -0.956844, 0.961296, 0.141657, 0.236309, 0.102866, -0.98021, 0.169138, 2.23014, 3.304, 2.108)

[node name="Left Arm_005" parent="MeshRoot/Robot/Armature/Skeleton3D" index="62"]
transform = Transform3D(0.25811, -0.119171, -0.958737, 0.955825, 0.175953, 0.235455, 0.140633, -0.977158, 0.159322, 2.18589, 3.26165, 1.91132)

[node name="Left Arm_004" parent="MeshRoot/Robot/Armature/Skeleton3D" index="63"]
transform = Transform3D(0.257799, -0.124925, -0.958088, 0.957536, 0.16552, 0.236068, 0.129092, -0.978262, 0.162291, 2.14552, 3.2245, 1.72514)

[node name="Left Arm_003" parent="MeshRoot/Robot/Armature/Skeleton3D" index="64"]
transform = Transform3D(0.257686, -0.125341, -0.958064, 0.957728, 0.164367, 0.236092, 0.127882, -0.978403, 0.162398, 2.10461, 3.18622, 1.53935)

[node name="Left Arm_002" parent="MeshRoot/Robot/Armature/Skeleton3D" index="65"]
transform = Transform3D(0.257378, -0.125058, -0.958184, 0.957923, 0.163389, 0.235983, 0.127045, -0.978603, 0.161848, 2.06369, 3.14772, 1.3536)

[node name="Left Arm_001" parent="MeshRoot/Robot/Armature/Skeleton3D" index="66"]
transform = Transform3D(0.257148, -0.12491, -0.958265, 0.958083, 0.162552, 0.235911, 0.126301, -0.978762, 0.161474, 2.02284, 3.10905, 1.16788)

[node name="Left Arm" parent="MeshRoot/Robot/Armature/Skeleton3D" index="67"]
transform = Transform3D(0.260153, -0.124625, -0.957491, 0.955454, 0.176371, 0.236643, 0.139382, -0.976403, 0.164957, 1.98196, 3.07163, 0.982065)

[node name="Left Shoulder" parent="MeshRoot/Robot/Armature/Skeleton3D" index="68"]
transform = Transform3D(1, 1.36216e-05, 0.000387535, 8.62787e-05, 0.966579, -0.25637, -0.000378045, 0.25637, 0.966579, 0.00471389, 2.51341, 0.448688)

[node name="Finger End 1" parent="MeshRoot/Robot/Armature/Skeleton3D" index="69"]
transform = Transform3D(0.253977, 0.125192, 0.959074, -0.957843, 0.170217, 0.231433, -0.134277, -0.977421, 0.163146, -2.97273, 4.36068, 5.09049)

[node name="Finger Middle 1" parent="MeshRoot/Robot/Armature/Skeleton3D" index="70"]
transform = Transform3D(0.253977, 0.125192, 0.959074, -0.957843, 0.170217, 0.231433, -0.134276, -0.977421, 0.163146, -2.90405, 4.23624, 4.86327)

[node name="Finger Base 1" parent="MeshRoot/Robot/Armature/Skeleton3D" index="71"]
transform = Transform3D(0.253977, 0.125192, 0.959074, -0.957843, 0.170216, 0.231433, -0.134276, -0.977421, 0.163146, -2.83257, 4.10709, 4.62794)

[node name="Finger End 2" parent="MeshRoot/Robot/Armature/Skeleton3D" index="72"]
transform = Transform3D(0.253977, 0.125192, 0.959074, -0.957843, 0.170217, 0.231433, -0.134276, -0.977421, 0.163146, -2.92659, 4.07499, 5.22455)

[node name="Finger Middle 2" parent="MeshRoot/Robot/Armature/Skeleton3D" index="73"]
transform = Transform3D(0.253977, 0.125192, 0.959074, -0.957843, 0.170217, 0.231433, -0.134276, -0.977421, 0.163146, -2.86427, 3.99059, 4.97793)

[node name="Finger Base 2" parent="MeshRoot/Robot/Armature/Skeleton3D" index="74"]
transform = Transform3D(0.253977, 0.125192, 0.959074, -0.957843, 0.170216, 0.231433, -0.134275, -0.977421, 0.163146, -2.8009, 3.90596, 4.7313)

[node name="Finger End 3" parent="MeshRoot/Robot/Armature/Skeleton3D" index="75"]
transform = Transform3D(0.253977, 0.125192, 0.959074, -0.957843, 0.170216, 0.231433, -0.134276, -0.977421, 0.163146, -2.86496, 3.76742, 5.29854)

[node name="Finger Middle 3" parent="MeshRoot/Robot/Armature/Skeleton3D" index="76"]
transform = Transform3D(0.253977, 0.125192, 0.959074, -0.957843, 0.170216, 0.231433, -0.134276, -0.977421, 0.163146, -2.81228, 3.73274, 5.03806)

[node name="Finger Base 3" parent="MeshRoot/Robot/Armature/Skeleton3D" index="77"]
transform = Transform3D(0.253977, 0.125192, 0.959074, -0.957843, 0.170216, 0.231433, -0.134276, -0.977421, 0.163146, -2.75303, 3.69341, 4.7503)

[node name="Finger End 4" parent="MeshRoot/Robot/Armature/Skeleton3D" index="78"]
transform = Transform3D(0.253977, 0.125192, 0.959074, -0.957843, 0.170216, 0.231433, -0.134276, -0.977421, 0.163146, -2.6913, 3.30667, 4.93129)

[node name="Finger Base 4" parent="MeshRoot/Robot/Armature/Skeleton3D" index="79"]
transform = Transform3D(0.253977, 0.125192, 0.959074, -0.957843, 0.170216, 0.231433, -0.134276, -0.977421, 0.163146, -2.68384, 3.50372, 4.63237)

[node name="Right Hand" parent="MeshRoot/Robot/Armature/Skeleton3D" index="80"]
transform = Transform3D(0.252278, 0.126645, 0.959331, -0.958773, 0.166729, 0.230121, -0.130805, -0.977835, 0.163486, -2.79933, 3.83036, 4.83752)

[node name="Right Wrist Guard" parent="MeshRoot/Robot/Armature/Skeleton3D" index="81"]
transform = Transform3D(0.252278, 0.126645, 0.959331, -0.958773, 0.166729, 0.230121, -0.130805, -0.977835, 0.163486, -2.57306, 3.71035, 3.88732)

[node name="Right Arm_011" parent="MeshRoot/Robot/Armature/Skeleton3D" index="82"]
transform = Transform3D(-0.18835, -0.210256, 0.959331, 0.953204, 0.196077, 0.230121, -0.236488, 0.957781, 0.163486, -2.42839, 3.48625, 3.02778)

[node name="Right Arm_010" parent="MeshRoot/Robot/Armature/Skeleton3D" index="83"]
transform = Transform3D(-0.18835, -0.210256, 0.959331, 0.953204, 0.196077, 0.230121, -0.236488, 0.957781, 0.163486, -2.38759, 3.4482, 2.84193)

[node name="Right Arm_009" parent="MeshRoot/Robot/Armature/Skeleton3D" index="84"]
transform = Transform3D(-0.188202, -0.210543, 0.959297, 0.953064, 0.196718, 0.230154, -0.237168, 0.957587, 0.163638, -2.34677, 3.4101, 2.6561)

[node name="Right Arm_007" parent="MeshRoot/Robot/Armature/Skeleton3D" index="85"]
transform = Transform3D(-0.129759, -0.199244, 0.971321, 0.971419, 0.170828, 0.164813, -0.198767, 0.964945, 0.171383, -2.26543, 3.33361, 2.28428)

[node name="Right Arm_008" parent="MeshRoot/Robot/Armature/Skeleton3D" index="86"]
transform = Transform3D(-0.129759, -0.199244, 0.971321, 0.971419, 0.170828, 0.164813, -0.198767, 0.964945, 0.171383, -2.3041, 3.36676, 2.47153)

[node name="Right Arm_006" parent="MeshRoot/Robot/Armature/Skeleton3D" index="87"]
transform = Transform3D(-0.170542, -0.220844, 0.960283, 0.950755, 0.21909, 0.219236, -0.258805, 0.950383, 0.172604, -2.22665, 3.29795, 2.109)

[node name="Right Arm_005" parent="MeshRoot/Robot/Armature/Skeleton3D" index="88"]
transform = Transform3D(-0.190473, -0.206034, 0.959828, 0.955194, 0.186737, 0.229638, -0.226548, 0.960562, 0.161234, -2.18216, 3.25547, 1.9108)

[node name="Right Arm_004" parent="MeshRoot/Robot/Armature/Skeleton3D" index="89"]
transform = Transform3D(-0.187974, -0.211089, 0.959222, 0.952872, 0.197582, 0.23021, -0.23812, 0.957289, 0.164001, -2.1417, 3.21821, 1.72475)

[node name="Right Arm_003" parent="MeshRoot/Robot/Armature/Skeleton3D" index="90"]
transform = Transform3D(-0.187892, -0.211182, 0.959218, 0.952794, 0.19795, 0.230214, -0.238495, 0.957193, 0.16402, -2.10073, 3.17983, 1.53899)

[node name="Right Arm_002" parent="MeshRoot/Robot/Armature/Skeleton3D" index="91"]
transform = Transform3D(-0.18781, -0.210764, 0.959326, 0.952712, 0.19846, 0.230117, -0.238888, 0.957179, 0.163524, -2.05979, 3.14137, 1.35325)

[node name="Right Arm_001" parent="MeshRoot/Robot/Armature/Skeleton3D" index="92"]
transform = Transform3D(-0.187539, -0.210511, 0.959434, 0.952449, 0.19983, 0.230019, -0.240146, 0.95695, 0.163025, -2.01892, 3.10272, 1.16753)

[node name="Right Arm" parent="MeshRoot/Robot/Armature/Skeleton3D" index="93"]
transform = Transform3D(-0.189807, -0.211441, 0.958784, 0.954509, 0.188992, 0.230639, -0.229969, 0.958944, 0.16595, -1.97799, 3.06501, 0.981692)

[node name="Right Shoulder" parent="MeshRoot/Robot/Armature/Skeleton3D" index="94"]
transform = Transform3D(1, 1.36624e-05, 0.00038753, 8.61282e-05, 0.966579, -0.25637, -0.000378081, 0.25637, 0.966579, 0.00471437, 2.51341, 0.448688)

[node name="Hips" parent="MeshRoot/Robot/Armature/Skeleton3D" index="95"]
transform = Transform3D(0.998041, 4.42389e-05, 0.0625564, 0.00865163, 0.990292, -0.138731, -0.0619553, 0.139, 0.988352, 0.00464276, -0.322942, -0.148072)

[node name="AnimationTree" type="AnimationTree" parent="MeshRoot"]
root_node = NodePath("../Robot")
tree_root = SubResource("AnimationNodeBlendTree_0fiv8")
anim_player = NodePath("../Robot/AnimationPlayer")
parameters/is_gliding/blend_amount = 0.0
parameters/jump/active = false
parameters/jump/internal_active = false
parameters/jump/request = 0
parameters/movement_anim_speed/scale = 1.0
parameters/movement_blend/blend_position = 0.0
parameters/on_floor_blend/blend_amount = 0.0

[node name="Glider" parent="MeshRoot" node_paths=PackedStringArray("player") instance=ExtResource("11_inerc")]
transform = Transform3D(0.2, 0, 0, 0, 0.2, 0, 0, 0, 0.2, 0, 0, 0)
script = ExtResource("12_sntr0")
player = NodePath("../..")

[node name="CamRoot" type="Node3D" parent="." node_paths=PackedStringArray("player")]
transform = Transform3D(1, 0, 0, 0, 1, 0, 0, 0, 1, 0, 0.869557, 0)
script = ExtResource("13_j0ncc")
player = NodePath("..")

[node name="CamYaw" type="Node3D" parent="CamRoot"]

[node name="CamPitch" type="Node3D" parent="CamRoot/CamYaw"]

[node name="SpringArm3D" type="SpringArm3D" parent="CamRoot/CamYaw/CamPitch" node_paths=PackedStringArray("player")]
shape = SubResource("SphereShape3D_fbxo0")
spring_length = -3.0
script = ExtResource("14_jlokr")
player = NodePath("../../../..")

[node name="Camera3D" type="Camera3D" parent="CamRoot/CamYaw/CamPitch/SpringArm3D"]
transform = Transform3D(-1, 0, -8.74228e-08, 0, 1, 0, 8.74228e-08, 0, -1, 0, 0, 0)
current = true

[node name="HurtOverlay" type="TextureRect" parent="."]
modulate = Color(1, 1, 1, 0)
anchors_preset = 15
anchor_right = 1.0
anchor_bottom = 1.0
grow_horizontal = 2
grow_vertical = 2
texture = ExtResource("15_4lvj7")
expand_mode = 1

[node name="SpeedOverlay" type="ColorRect" parent="."]
modulate = Color(1, 1, 1, 0)
material = SubResource("ShaderMaterial_5ddcd")
anchors_preset = 15
anchor_right = 1.0
anchor_bottom = 1.0
grow_horizontal = 2
grow_vertical = 2
color = Color(0, 0, 0, 1)

[node name="HealthBar" type="ProgressBar" parent="." node_paths=PackedStringArray("damage_bar")]
z_index = 1
offset_left = 8.0
offset_top = 14.0
offset_right = 248.0
offset_bottom = 54.0
theme_override_fonts/font = SubResource("FontVariation_364hi")
theme_override_styles/background = SubResource("StyleBoxEmpty_ai30p")
theme_override_styles/fill = SubResource("StyleBoxFlat_dxccx")
value = 60.0
script = ExtResource("17_ic8d8")
damage_bar = NodePath("DamageBar")

[node name="DamageBar" type="ProgressBar" parent="HealthBar"]
z_index = -1
layout_mode = 1
anchors_preset = 15
anchor_right = 1.0
anchor_bottom = 1.0
grow_horizontal = 2
grow_vertical = 2
theme_override_styles/background = SubResource("StyleBoxFlat_5ofko")
theme_override_styles/fill = SubResource("StyleBoxFlat_q6b0o")
value = 80.0
show_percentage = false

[node name="Timer" type="Timer" parent="HealthBar"]
wait_time = 0.4
one_shot = true

[node name="FallDamage" type="AudioStreamPlayer" parent="."]
stream = ExtResource("16_0wh5x")
pitch_scale = 0.75

[node name="SoundEffects" type="AudioStreamPlayer" parent="."]

[node name="Main Song" type="AudioStreamPlayer" parent="."]
stream = ExtResource("17_vstat")
pitch_scale = 0.75

[connection signal="pressed_glide" from="." to="AudioController" method="_glide"]
[connection signal="pressed_glide" from="." to="MovementController" method="_glide"]
[connection signal="pressed_glide" from="." to="AnimationController" method="_glide"]
