[gd_scene load_steps=6 format=3 uid="uid://bhdvfievnjoad"]

[ext_resource type="PackedScene" uid="uid://bl6kwhkyn8rve" path="res://Assets/Character/Robot.blend" id="1_01o4b"]
[ext_resource type="Material" uid="uid://c8ryhdqngecwg" path="res://Scenes/Models/Player/Player Material.tres" id="2_4rq6j"]
[ext_resource type="Material" uid="uid://t44bjlwkvkj6" path="res://Scenes/Models/Player/Player Toon Shader.tres" id="3_wigwt"]

[sub_resource type="StandardMaterial3D" id="StandardMaterial3D_yg4ii"]
emission_enabled = true
emission = Color(0.619926, 0.89149, 0.987234, 1)
emission_energy_multiplier = 3.41

[sub_resource type="StandardMaterial3D" id="StandardMaterial3D_i6yo6"]
emission_enabled = true
emission = Color(0.909246, 0.937035, 0.0974056, 1)
emission_energy_multiplier = 16.0

[node name="Robot" instance=ExtResource("1_01o4b")]
transform = Transform3D(100, 0, 0, 0, 100, 0, 0, 0, 100, 0, 0, 0)

[node name="Armature" parent="." index="0"]
transform = Transform3D(0.2, 0, 0, 0, 0.2, 0, 0, 0, 0.2, 0, 1.026, 0.015)

[node name="Skeleton3D" parent="Armature" index="0"]
bones/1/rotation = Quaternion(-5.04041e-07, -2.94083e-07, 0.896632, -0.442776)
bones/1/scale = Vector3(1, 1, 1)
bones/2/rotation = Quaternion(0.31309, 0.634014, 0.634015, 0.31309)
bones/2/scale = Vector3(1, 1, 1)
bones/3/rotation = Quaternion(5.04041e-07, -2.94083e-07, 0.896632, 0.442776)
bones/3/scale = Vector3(1, 1, 1)
bones/4/rotation = Quaternion(-0.31309, 0.634014, 0.634015, -0.31309)
bones/4/scale = Vector3(1, 1, 1)
bones/6/rotation = Quaternion(0.663755, 0.325731, 0.604437, -0.296621)
bones/6/scale = Vector3(1, 1, 1)
bones/7/scale = Vector3(1, 1, 1)
bones/11/rotation = Quaternion(2.50173e-11, -0.00191784, 1.30485e-08, 0.999998)
bones/12/rotation = Quaternion(-2.7032e-11, 0.00191772, -1.40999e-08, 0.999998)
bones/15/rotation = Quaternion(2.41318e-11, -0.00912785, 2.64392e-09, 0.999958)
bones/15/scale = Vector3(1, 1, 1)
bones/16/rotation = Quaternion(0.000685566, 0.00910158, 0.0751118, 0.997133)
bones/16/scale = Vector3(1, 1, 1)
bones/17/scale = Vector3(1, 1, 1)
bones/21/rotation = Quaternion(-0.00627424, -0.700595, 0.0063896, 0.713503)
bones/21/scale = Vector3(1, 1, 1)
bones/22/rotation = Quaternion(9.7054e-05, -0.707107, -9.7443e-05, 0.707106)
bones/23/rotation = Quaternion(-0.011588, -0.707012, 0.0115876, 0.707011)
bones/24/rotation = Quaternion(-0.0010332, -0.707106, 0.00103281, 0.707106)
bones/24/scale = Vector3(1, 1, 1)
bones/25/rotation = Quaternion(-0.00325703, -0.705742, 0.00326934, 0.708454)
bones/25/scale = Vector3(1, 1, 1)
bones/26/scale = Vector3(1, 1, 1)
bones/27/rotation = Quaternion(0.00533471, -0.700996, -0.00542725, 0.713125)
bones/28/rotation = Quaternion(-0.00554276, -0.713264, 0.00544594, 0.700853)
bones/29/rotation = Quaternion(0.00206214, -0.699771, -0.00210536, 0.714361)
bones/30/rotation = Quaternion(-0.316564, -0.309465, -0.671411, 0.594328)
bones/30/scale = Vector3(1, 1, 1)
bones/31/rotation = Quaternion(5.92255e-05, 0.000705645, 0.0836584, 0.996494)
bones/33/rotation = Quaternion(-0.498484, -0.498483, -0.501512, 0.501512)
bones/33/scale = Vector3(1, 1, 1)
bones/38/rotation = Quaternion(0.000705413, -5.92449e-05, 0.996494, -0.0836587)
bones/39/rotation = Quaternion(0.496456, 0.496455, -0.50352, 0.503519)
bones/40/rotation = Quaternion(0.663115, -0.325983, -0.604689, -0.297261)
bones/41/rotation = Quaternion(-0.316489, 0.310354, 0.671379, 0.593941)
bones/41/scale = Vector3(1, 1, 1)
bones/42/rotation = Quaternion(5.92629e-05, -0.000705604, -0.0836585, 0.996494)
bones/44/rotation = Quaternion(-0.497815, 0.497815, 0.502176, 0.502175)
bones/49/rotation = Quaternion(-0.000705376, -5.9282e-05, 0.996494, 0.0836592)
bones/49/scale = Vector3(0.999986, 1, 1)
bones/50/rotation = Quaternion(0.496456, -0.496455, 0.50352, 0.503519)
bones/51/rotation = Quaternion(-0.4407, -0.0413133, -0.0203091, 0.896473)
bones/55/rotation = Quaternion(2.50116e-11, 0.00191784, -1.30485e-08, 0.999998)
bones/56/rotation = Quaternion(-2.70358e-11, -0.00191772, 1.40999e-08, 0.999998)
bones/59/rotation = Quaternion(2.41293e-11, 0.00912785, -2.64392e-09, 0.999958)
bones/59/scale = Vector3(1, 1, 1)
bones/60/rotation = Quaternion(0.000685563, -0.00910156, -0.0751118, 0.997133)
bones/60/scale = Vector3(1, 1, 1)
bones/61/rotation = Quaternion(-0.707107, 2.60125e-08, 0.707107, 3.37504e-08)
bones/61/scale = Vector3(1, 1, 1)
bones/65/rotation = Quaternion(-0.00638966, -0.713503, 0.00627399, 0.700595)
bones/65/scale = Vector3(1, 1, 1)
bones/66/rotation = Quaternion(9.72005e-05, -0.707106, -9.73612e-05, 0.707107)
bones/66/scale = Vector3(1, 1, 1)
bones/67/rotation = Quaternion(-0.0115878, -0.707012, 0.0115877, 0.707012)
bones/68/rotation = Quaternion(-0.00103306, -0.707106, 0.0010329, 0.707106)
bones/68/scale = Vector3(1, 1, 1)
bones/69/rotation = Quaternion(-0.0032694, -0.708454, 0.00325679, 0.705742)
bones/69/scale = Vector3(1, 1, 1)
bones/70/rotation = Quaternion(-0.00545041, -0.707086, 0.00545025, 0.707086)
bones/70/scale = Vector3(1, 1, 1)
bones/71/scale = Vector3(1, 1, 1)
bones/72/rotation = Quaternion(0.000710751, -0.707106, -0.000710913, 0.707107)
bones/72/scale = Vector3(1, 1, 1)
bones/74/rotation = Quaternion(9.51347e-08, 3.91638e-08, 0.00725219, 0.999974)
bones/74/scale = Vector3(1, 1, 1)
bones/75/rotation = Quaternion(-9.42702e-08, 8.00424e-08, -0.00725219, 0.999974)
bones/75/scale = Vector3(1, 1, 1)
bones/79/rotation = Quaternion(0.707107, 0, 0, 0.707107)
bones/80/rotation = Quaternion(0.707107, 0, 0, 0.707107)
bones/82/rotation = Quaternion(-0.000422103, -0.0145583, -5.57488e-09, 0.999894)
bones/82/scale = Vector3(1, 1, 1)
bones/85/rotation = Quaternion(-0.000896317, 0.00168269, -0.717235, 0.696829)
bones/85/scale = Vector3(1, 1, 1)
bones/86/rotation = Quaternion(-0.00494084, 7.14922e-05, 0.297733, 0.954636)
bones/87/rotation = Quaternion(0.0178554, -0.0067216, -0.740963, 0.671275)
bones/87/scale = Vector3(1, 1, 1)
bones/88/rotation = Quaternion(-0.0143899, -0.00333229, -0.0540613, 0.998428)
bones/88/scale = Vector3(1, 1, 1)
bones/94/rotation = Quaternion(-0.0126537, 0.000662055, 0.0481497, 0.99876)
bones/96/rotation = Quaternion(-0.0163116, -0.0404168, 0.0533323, 0.997625)
bones/96/scale = Vector3(1, 1, 1)
bones/100/rotation = Quaternion(-6.28291e-09, -7.81915e-08, 0.00604859, 0.999982)
bones/100/scale = Vector3(1, 1, 1)
bones/103/rotation = Quaternion(-6.62427e-10, 1.44506e-07, 0.00087978, 1)
bones/104/rotation = Quaternion(0.00076039, 3.47588e-05, 0.94212, 0.335276)
bones/105/rotation = Quaternion(0.000760477, 3.55228e-05, 0.942414, 0.334447)
bones/105/scale = Vector3(1, 1, 1)
bones/106/rotation = Quaternion(0.00076017, 4.18124e-05, 0.945144, 0.326653)
bones/107/rotation = Quaternion(-8.77514e-08, 3.3197e-07, 0.0640607, 0.997946)
bones/108/rotation = Quaternion(1.39102e-08, -8.02659e-08, -0.00846498, 0.999964)
bones/109/rotation = Quaternion(-1.23116e-10, 1.42563e-07, 3.92348e-05, 1)
bones/110/rotation = Quaternion(0.000754381, 0.000100825, 0.967676, 0.252197)
bones/110/scale = Vector3(1, 1, 1)
bones/111/rotation = Quaternion(0.000754515, 0.000100881, 0.967685, 0.252159)
bones/111/scale = Vector3(1, 1, 1)
bones/112/rotation = Quaternion(0.000755281, 9.44696e-05, 0.965516, 0.260342)
bones/112/scale = Vector3(1, 1, 1)
bones/113/rotation = Quaternion(5.14655e-08, 4.24464e-07, -0.0351677, 0.999381)
bones/116/rotation = Quaternion(0.000147673, 0.000533476, 0.988183, 0.15328)
bones/118/scale = Vector3(1, 1, 1)
bones/119/rotation = Quaternion(7.624e-07, 8.13779e-07, -0.396704, 0.917946)
bones/120/rotation = Quaternion(2.39691e-09, -5.35418e-08, -0.0011728, 0.999999)
bones/121/rotation = Quaternion(-5.11027e-05, 0.000551959, 0.978457, -0.206448)
bones/122/rotation = Quaternion(-5.05254e-05, 0.000552039, 0.978699, -0.2053)
bones/122/scale = Vector3(1, 1, 1)
bones/123/rotation = Quaternion(-5.11024e-07, -1.83085e-07, 0.980485, 0.196593)
bones/123/scale = Vector3(1, 1, 1)
bones/124/rotation = Quaternion(-5.11024e-07, -1.83085e-07, 0.980485, 0.196593)
bones/124/scale = Vector3(1, 1, 1)
bones/125/rotation = Quaternion(-5.96085e-07, -1.8263e-07, 0.981656, 0.190659)
bones/125/scale = Vector3(1, 1, 1)
bones/126/rotation = Quaternion(-5.3998e-07, -1.8174e-07, 0.981656, 0.190659)
bones/126/scale = Vector3(1, 1, 1)
bones/127/rotation = Quaternion(-5.35408e-07, -1.82867e-07, 0.981656, 0.190659)
bones/127/scale = Vector3(1, 1, 1)
bones/128/rotation = Quaternion(-6.36143e-07, -2.08482e-07, 0.981656, 0.190659)
bones/128/scale = Vector3(1, 1, 1)
bones/129/rotation = Quaternion(-5.32146e-07, -1.86543e-07, 0.981656, 0.190659)
bones/130/rotation = Quaternion(1.45274e-08, -7.13027e-08, 0.981656, 0.190658)
bones/130/scale = Vector3(1, 1, 1)
bones/131/rotation = Quaternion(-5.36801e-07, -1.73839e-07, 0.981656, 0.190659)
bones/132/rotation = Quaternion(1.47052e-08, -8.17535e-08, 0.981656, 0.190658)
bones/132/scale = Vector3(1, 1, 1)
bones/133/rotation = Quaternion(-5.33006e-07, -1.92324e-07, 0.981656, 0.190659)
bones/134/rotation = Quaternion(-6.32266e-07, -2.10647e-07, 0.981656, 0.190659)
bones/135/rotation = Quaternion(-4.08367e-07, -1.5147e-07, 0.981656, 0.190658)
bones/135/scale = Vector3(1, 1, 1)
bones/136/rotation = Quaternion(-5.37809e-07, -1.85935e-07, 0.981656, 0.190659)
bones/136/scale = Vector3(1, 1, 1)
bones/137/rotation = Quaternion(0.00378579, -0.00543954, 0.470836, 0.882196)
bones/137/scale = Vector3(1, 1, 1)
bones/138/rotation = Quaternion(-0.00108472, -0.00157224, 0.707184, 0.707027)
bones/138/scale = Vector3(1, 1, 1)
bones/139/rotation = Quaternion(-0.00484098, -0.000232663, -0.297911, 0.954581)
bones/140/rotation = Quaternion(0.0154957, 0.00889632, 0.74314, 0.668897)
bones/140/scale = Vector3(1, 1, 1)
bones/141/rotation = Quaternion(-0.0146107, 0.000122842, 0.0508492, 0.998599)
bones/147/rotation = Quaternion(-0.0128944, -0.00640975, -0.0538938, 0.998443)
bones/147/scale = Vector3(1, 1, 1)
bones/148/rotation = Quaternion(0.0312352, -0.0266255, 0.113712, 0.992666)
bones/149/rotation = Quaternion(-0.0162229, 0.0331638, -0.0605798, 0.99748)
bones/149/scale = Vector3(1, 1, 1)
bones/153/rotation = Quaternion(-6.09949e-09, 7.80795e-08, -0.0060486, 0.999982)
bones/153/scale = Vector3(1, 1, 1)
bones/154/rotation = Quaternion(-1.56508e-07, -1.89241e-07, -0.133093, 0.991104)
bones/154/scale = Vector3(1, 1, 1)
bones/155/rotation = Quaternion(-1.45058e-08, -2.28915e-08, -0.00825755, 0.999966)
bones/156/rotation = Quaternion(-6.41562e-10, -1.4453e-07, -0.00087978, 1)
bones/157/rotation = Quaternion(0.00068973, -3.25237e-05, 0.941954, -0.33574)
bones/157/scale = Vector3(0.999999, 1, 1)
bones/158/rotation = Quaternion(0.000689571, -3.30757e-05, 0.942249, -0.334911)
bones/158/scale = Vector3(0.999999, 1, 1)
bones/159/rotation = Quaternion(0.000689251, -3.87447e-05, 0.944983, -0.327119)
bones/159/scale = Vector3(0.999999, 1, 1)
bones/160/rotation = Quaternion(-8.27382e-08, -3.3349e-07, -0.0640607, 0.997946)
bones/163/rotation = Quaternion(0.000684392, -9.21667e-05, 0.967551, -0.252674)
bones/163/scale = Vector3(0.999999, 1, 1)
bones/164/rotation = Quaternion(0.000684254, -9.21541e-05, 0.967561, -0.252636)
bones/164/scale = Vector3(0.999999, 1, 1)
bones/165/rotation = Quaternion(0.00068508, -8.63939e-05, 0.965388, -0.260817)
bones/165/scale = Vector3(0.999999, 1, 1)
bones/166/rotation = Quaternion(4.92962e-08, -4.23882e-07, 0.0351676, 0.999381)
bones/167/rotation = Quaternion(1.06161e-08, -8.55839e-08, 0.00496715, 0.999988)
bones/168/rotation = Quaternion(1.42861e-08, -3.03825e-08, 0.00712437, 0.999975)
bones/169/rotation = Quaternion(0.000671494, -0.000161867, 0.988394, -0.151907)
bones/169/scale = Vector3(0.999999, 1, 1)
bones/170/rotation = Quaternion(0.000672592, -0.000157072, 0.987287, -0.158945)
bones/170/scale = Vector3(0.999999, 1, 1)
bones/171/rotation = Quaternion(0.00067328, -0.000153727, 0.986485, -0.163847)
bones/171/scale = Vector3(0.999999, 1, 1)
bones/172/rotation = Quaternion(7.5165e-07, -8.11006e-07, 0.396704, 0.917946)
bones/173/rotation = Quaternion(1.22299e-10, 5.35334e-08, 0.00117277, 0.999999)
bones/174/rotation = Quaternion(0.000571137, -0.000388268, 0.97817, 0.207807)
bones/174/scale = Vector3(0.999999, 1, 1)
bones/175/rotation = Quaternion(0.000571649, -0.000387595, 0.978413, 0.20666)
bones/175/scale = Vector3(0.999999, 1, 1)
bones/176/rotation = Quaternion(5.11736e-07, -1.80117e-07, 0.980485, -0.196593)
bones/176/scale = Vector3(1, 1, 1)
bones/177/rotation = Quaternion(5.11736e-07, -1.80117e-07, 0.980485, -0.196593)
bones/177/scale = Vector3(1, 1, 1)
bones/178/rotation = Quaternion(-7.16543e-08, 5.42937e-07, 0.00430814, 0.999991)
bones/179/rotation = Quaternion(-6.92969e-08, 6.02091e-07, 0.00430815, 0.999991)
bones/180/rotation = Quaternion(-7.11304e-08, 5.98919e-07, 0.00430814, 0.999991)
bones/181/rotation = Quaternion(-5.79754e-08, 5.42559e-07, 0.00430811, 0.999991)
bones/182/rotation = Quaternion(-5.79754e-08, 5.42559e-07, 0.00430811, 0.999991)
bones/183/rotation = Quaternion(-8.08294e-08, -1.06521e-08, 0.00430755, 0.999991)
bones/183/scale = Vector3(1, 1, 1)
bones/184/rotation = Quaternion(-7.41322e-08, 5.42908e-07, 0.00430814, 0.999991)
bones/185/rotation = Quaternion(-6.70995e-08, -1.45812e-08, 0.00430754, 0.999991)
bones/185/scale = Vector3(1, 1, 1)
bones/186/rotation = Quaternion(-6.96897e-08, 5.42064e-07, 0.00430811, 0.999991)
bones/187/rotation = Quaternion(-6.205e-08, 6.48206e-07, 0.00430821, 0.999991)
bones/188/rotation = Quaternion(-7.83846e-08, 5.4122e-07, 0.00430813, 0.999991)
bones/189/rotation = Quaternion(-6.98062e-08, 5.43781e-07, 0.00430813, 0.999991)
bones/190/rotation = Quaternion(0.0037858, 0.00543954, -0.470836, 0.882196)
bones/190/scale = Vector3(1, 1, 1)
bones/192/scale = Vector3(1, 1, 1)

[node name="Lower Left Leg" parent="Armature/Skeleton3D" index="0"]
transform = Transform3D(1, -7.7975e-07, -2.16067e-07, 7.69027e-07, 0.988715, -0.149805, 1.34616e-07, 0.149805, 0.988716, 0.943306, -3.57423, -0.112717)

[node name="Lower Left Leg" parent="Armature/Skeleton3D/Lower Left Leg" index="0"]
material_override = ExtResource("3_wigwt")

[node name="Left Leg Joint Cutouts" parent="Armature/Skeleton3D" index="1"]
transform = Transform3D(1, -7.7975e-07, -2.16067e-07, 7.69027e-07, 0.988715, -0.149805, 1.34616e-07, 0.149805, 0.988716, 0.940697, -2.77144, -0.0586603)

[node name="Left Leg Joint Cutouts" parent="Armature/Skeleton3D/Left Leg Joint Cutouts" index="0"]
material_override = ExtResource("3_wigwt")

[node name="Lower Left Leg Joint" parent="Armature/Skeleton3D" index="2"]
transform = Transform3D(1, -7.7975e-07, -2.16067e-07, 7.69027e-07, 0.988715, -0.149805, 1.34616e-07, 0.149805, 0.988716, 0.95221, -2.6211, -0.0406419)

[node name="Lower Left Leg Joint" parent="Armature/Skeleton3D/Lower Left Leg Joint" index="0"]
surface_material_override/0 = ExtResource("3_wigwt")
surface_material_override/1 = SubResource("StandardMaterial3D_yg4ii")

[node name="Lower Left Leg Light" parent="Armature/Skeleton3D" index="3"]
transform = Transform3D(1, -7.7975e-07, -2.16067e-07, 7.69027e-07, 0.988715, -0.149805, 1.34616e-07, 0.149805, 0.988716, 1.22953, -3.38852, -0.28406)

[node name="Lower Left Leg Light" parent="Armature/Skeleton3D/Lower Left Leg Light" index="0"]
surface_material_override/0 = ExtResource("3_wigwt")
surface_material_override/1 = SubResource("StandardMaterial3D_i6yo6")

[node name="Limb Segment_018" parent="Armature/Skeleton3D" index="4"]
transform = Transform3D(0.99984, -0.0179086, 1.29454e-06, -0.0179086, -0.999839, -8.32301e-07, 1.11572e-06, 8.6549e-07, -1, 0.963424, -1.54742, -0.0164461)

[node name="Limb Segment_018" parent="Armature/Skeleton3D/Limb Segment_018" index="0"]
material_override = ExtResource("3_wigwt")

[node name="Limb Segment_017" parent="Armature/Skeleton3D" index="5"]
transform = Transform3D(1, 0.000275865, 2.31606e-07, 0.000275895, -1, -1.0545e-06, 3.77374e-08, 1.10667e-06, -1, 0.950512, -1.548, -0.0164461)

[node name="Limb Segment_017" parent="Armature/Skeleton3D/Limb Segment_017" index="0"]
material_override = ExtResource("3_wigwt")

[node name="Limb Segment_016" parent="Armature/Skeleton3D" index="6"]
transform = Transform3D(0.999463, -0.0327701, -4.8365e-07, -0.03277, -0.999463, -1.03782e-06, -6.59813e-07, 1.11157e-06, -1, 0.966753, -1.54859, -0.0164462)

[node name="Limb Segment_016" parent="Armature/Skeleton3D/Limb Segment_016" index="0"]
material_override = ExtResource("3_wigwt")

[node name="Limb Segment_015" parent="Armature/Skeleton3D" index="7"]
transform = Transform3D(0.999996, -0.00292097, 7.0897e-07, -0.00292094, -0.999996, -1.07412e-06, 5.16931e-07, 1.12465e-06, -1, 0.959018, -1.54932, -0.0164462)

[node name="Limb Segment_015" parent="Armature/Skeleton3D/Limb Segment_015" index="0"]
material_override = ExtResource("3_wigwt")

[node name="Limb Segment_014" parent="Armature/Skeleton3D" index="8"]
transform = Transform3D(0.999957, -0.00922879, 7.75093e-07, -0.00922876, -0.999957, -7.85383e-07, 5.70901e-07, 8.32701e-07, -1, 0.959259, -1.54981, -0.0164462)

[node name="Limb Segment_014" parent="Armature/Skeleton3D/Limb Segment_014" index="0"]
material_override = ExtResource("3_wigwt")

[node name="Limb Segment_013" parent="Armature/Skeleton3D" index="9"]
transform = Transform3D(0.999881, -0.0154147, 1.14492e-07, -0.0154147, -0.999881, -1.05316e-06, -7.04861e-08, 1.10664e-06, -1, 0.958232, -1.55034, -0.0164461)

[node name="Limb Segment_013" parent="Armature/Skeleton3D/Limb Segment_013" index="0"]
material_override = ExtResource("3_wigwt")

[node name="Limb Segment_012" parent="Armature/Skeleton3D" index="10"]
transform = Transform3D(0.999737, 0.0152184, 0.0171533, 0.0152207, -0.999884, -8.15605e-07, 0.0171511, 0.000261951, -0.999853, 0.969036, -1.55056, -0.0161702)

[node name="Limb Segment_012" parent="Armature/Skeleton3D/Limb Segment_012" index="0"]
material_override = ExtResource("3_wigwt")

[node name="Limb Segment_011" parent="Armature/Skeleton3D" index="11"]
transform = Transform3D(0.999725, -0.0155373, -0.0175507, -0.0155397, -0.999879, -1.04361e-06, -0.0175489, 0.000273831, -0.999846, 0.953303, -1.55098, -0.0164526)

[node name="Limb Segment_011" parent="Armature/Skeleton3D/Limb Segment_011" index="0"]
material_override = ExtResource("3_wigwt")

[node name="Limb Segment_003" parent="Armature/Skeleton3D" index="12"]
transform = Transform3D(0.99977, 0.00589351, 0.0206331, 0.00589481, -0.999983, -8.35127e-07, 0.0206325, 0.000122514, -0.999787, 0.967596, -1.55127, -0.0161439)

[node name="Limb Segment_003" parent="Armature/Skeleton3D/Limb Segment_003" index="0"]
material_override = ExtResource("3_wigwt")

[node name="Left Foot" parent="Armature/Skeleton3D" index="13"]
transform = Transform3D(0.999982, -1.58465e-06, 0.00605708, 1.46544e-06, 1, 2.71339e-06, -0.00605732, -2.77304e-06, 0.999982, 0.925029, -4.63847, 0.342221)

[node name="Left Foot" parent="Armature/Skeleton3D/Left Foot" index="0"]
material_override = ExtResource("3_wigwt")

[node name="Foot_005" parent="Armature/Skeleton3D" index="14"]
transform = Transform3D(0.999982, -1.58465e-06, 0.00605708, 1.46544e-06, 1, 2.71339e-06, -0.00605732, -2.77304e-06, 0.999982, 0.940109, -4.05737, 0.0554373)

[node name="Foot_005" parent="Armature/Skeleton3D/Foot_005" index="0"]
transform = Transform3D(1, 5.65206e-14, -4.65661e-10, 4.4964e-15, 1, -1.42109e-14, 0, -9.69006e-19, 1, 0.00855339, 0.00256896, -0.0261476)
material_override = ExtResource("3_wigwt")

[node name="Foot_006" parent="Armature/Skeleton3D" index="15"]
transform = Transform3D(0.999982, -1.58465e-06, 0.00605708, 1.46544e-06, 1, 2.71339e-06, -0.00605732, -2.77304e-06, 0.999982, 0.943911, -4.9923, 0.682799)

[node name="Foot_007" parent="Armature/Skeleton3D" index="16"]
transform = Transform3D(0.999982, -1.58465e-06, 0.00605708, 1.46544e-06, 1, 2.71339e-06, -0.00605732, -2.77304e-06, 0.999982, 0.936816, -4.99231, -0.488546)

[node name="Left Foot Joint" parent="Armature/Skeleton3D" index="17"]
transform = Transform3D(0.999982, -1.58465e-06, 0.00605708, 1.46544e-06, 1, 2.71339e-06, -0.00605732, -2.77304e-06, 0.999982, 1.36246, -4.33935, 0.0669402)

[node name="Left Foot Joint" parent="Armature/Skeleton3D/Left Foot Joint" index="0"]
surface_material_override/0 = ExtResource("3_wigwt")
surface_material_override/1 = SubResource("StandardMaterial3D_yg4ii")

[node name="Right Foot" parent="Armature/Skeleton3D" index="18"]
transform = Transform3D(0.999962, -1.60769e-07, -0.00872209, 4.1903e-07, 1, 3.11727e-06, 0.00872214, -3.04003e-06, 0.999962, -0.916612, -4.63846, 0.342357)

[node name="Right Foot" parent="Armature/Skeleton3D/Right Foot" index="0"]
material_override = ExtResource("3_wigwt")

[node name="Foot" parent="Armature/Skeleton3D" index="19"]
transform = Transform3D(0.999962, -1.60769e-07, -0.00872209, 4.1903e-07, 1, 3.11727e-06, 0.00872214, -3.04003e-06, 0.999962, -0.93093, -4.05737, 0.0555338)

[node name="Foot" parent="Armature/Skeleton3D/Foot" index="0"]
material_override = ExtResource("3_wigwt")

[node name="Foot_001" parent="Armature/Skeleton3D" index="20"]
transform = Transform3D(0.999962, -1.60769e-07, -0.00872209, 4.1903e-07, 1, 3.11727e-06, 0.00872214, -3.04003e-06, 0.999962, -0.936401, -4.9923, 0.682884)

[node name="Foot_002" parent="Armature/Skeleton3D" index="21"]
transform = Transform3D(0.999962, -1.60769e-07, -0.00872209, 4.1903e-07, 1, 3.11727e-06, 0.00872214, -3.04003e-06, 0.999962, -0.926184, -4.99231, -0.488439)

[node name="Right Foot Joint" parent="Armature/Skeleton3D" index="22"]
transform = Transform3D(0.999962, -1.60769e-07, -0.00872209, 4.1903e-07, 1, 3.11727e-06, 0.00872214, -3.04003e-06, 0.999962, -1.35331, -4.33935, 0.0659113)

[node name="Right Foot Joint" parent="Armature/Skeleton3D/Right Foot Joint" index="0"]
surface_material_override/0 = ExtResource("3_wigwt")
surface_material_override/1 = SubResource("StandardMaterial3D_yg4ii")

[node name="Lower Right Leg" parent="Armature/Skeleton3D" index="23"]
transform = Transform3D(1, 2.37487e-07, 3.72527e-09, 6.33371e-08, 0.988716, -0.149805, -9.0899e-09, 0.149805, 0.988716, -0.933936, -3.57423, -0.112716)

[node name="Lower Right Leg" parent="Armature/Skeleton3D/Lower Right Leg" index="0"]
material_override = ExtResource("3_wigwt")

[node name="Lower Right Leg Joint" parent="Armature/Skeleton3D" index="24"]
transform = Transform3D(1, 2.37487e-07, 3.72527e-09, 6.33371e-08, 0.988716, -0.149805, -9.0899e-09, 0.149805, 0.988716, -0.942839, -2.6211, -0.0406412)

[node name="Lower Right Leg Joint" parent="Armature/Skeleton3D/Lower Right Leg Joint" index="0"]
surface_material_override/0 = ExtResource("3_wigwt")
surface_material_override/1 = SubResource("StandardMaterial3D_yg4ii")

[node name="Lower Right Leg Light" parent="Armature/Skeleton3D" index="25"]
transform = Transform3D(1, 2.37487e-07, 3.72527e-09, 6.33371e-08, 0.988716, -0.149805, -9.0899e-09, 0.149805, 0.988716, -1.22016, -3.38852, -0.28406)

[node name="Lower Right Leg Light" parent="Armature/Skeleton3D/Lower Right Leg Light" index="0"]
surface_material_override/0 = ExtResource("3_wigwt")
surface_material_override/1 = SubResource("StandardMaterial3D_i6yo6")

[node name="Right Leg Joint Cutouts" parent="Armature/Skeleton3D" index="26"]
transform = Transform3D(1, 2.37487e-07, 3.72527e-09, 6.33371e-08, 0.988716, -0.149805, -9.0899e-09, 0.149805, 0.988716, -0.931326, -2.77144, -0.0586598)

[node name="Right Leg Joint Cutouts" parent="Armature/Skeleton3D/Right Leg Joint Cutouts" index="0"]
material_override = ExtResource("3_wigwt")

[node name="Limb Segment_010" parent="Armature/Skeleton3D" index="27"]
transform = Transform3D(-0.99984, 0.0179088, 7.3947e-07, -0.0179091, -0.99984, 7.72697e-07, 6.72415e-07, 7.52101e-07, 1, -0.954084, -1.54669, -0.0144884)

[node name="Limb Segment_010" parent="Armature/Skeleton3D/Limb Segment_010" index="0"]
material_override = ExtResource("3_wigwt")

[node name="Limb Segment_009" parent="Armature/Skeleton3D" index="28"]
transform = Transform3D(-1, -0.00027545, -3.22997e-07, 0.000275152, -1, 6.57102e-07, -3.5304e-07, 6.49524e-07, 1, -0.94116, -1.54744, -0.0144884)

[node name="Limb Segment_009" parent="Armature/Skeleton3D/Limb Segment_009" index="0"]
material_override = ExtResource("3_wigwt")

[node name="Limb Segment_008" parent="Armature/Skeleton3D" index="29"]
transform = Transform3D(-0.999463, 0.0327704, 3.32654e-07, -0.0327707, -0.999463, 7.34211e-07, 3.31145e-07, 7.16369e-07, 1, -0.957424, -1.54772, -0.0144884)

[node name="Limb Segment_008" parent="Armature/Skeleton3D/Limb Segment_008" index="0"]
material_override = ExtResource("3_wigwt")

[node name="Limb Segment_007" parent="Armature/Skeleton3D" index="30"]
transform = Transform3D(-0.999996, 0.00292141, 9.42963e-08, -0.00292171, -0.999996, 6.76097e-07, 6.7109e-08, 6.6857e-07, 1, -0.949667, -1.54872, -0.0144884)

[node name="Limb Segment_007" parent="Armature/Skeleton3D/Limb Segment_007" index="0"]
material_override = ExtResource("3_wigwt")

[node name="Limb Segment_006" parent="Armature/Skeleton3D" index="31"]
transform = Transform3D(-0.999958, 0.00922905, 1.00117e-07, -0.00922935, -0.999958, 7.4068e-07, 1.22236e-07, 7.32492e-07, 1, -0.949912, -1.54915, -0.0144884)

[node name="Limb Segment_006" parent="Armature/Skeleton3D/Limb Segment_006" index="0"]
material_override = ExtResource("3_wigwt")

[node name="Limb Segment_005" parent="Armature/Skeleton3D" index="32"]
transform = Transform3D(-0.999881, 0.0154151, 3.34284e-07, -0.0154154, -0.999881, 6.74576e-07, 3.18211e-07, 6.62325e-07, 1, -0.948889, -1.54963, -0.0144884)

[node name="Limb Segment_005" parent="Armature/Skeleton3D/Limb Segment_005" index="0"]
material_override = ExtResource("3_wigwt")

[node name="Limb Segment_004" parent="Armature/Skeleton3D" index="33"]
transform = Transform3D(-0.999998, 0.00193314, -5.59786e-07, -0.00193343, -0.999998, 6.5793e-07, -5.87902e-07, 6.51626e-07, 1, -0.95363, -1.5502, -0.0144884)

[node name="Limb Segment_004" parent="Armature/Skeleton3D/Limb Segment_004" index="0"]
material_override = ExtResource("3_wigwt")

[node name="Limb Segment_001" parent="Armature/Skeleton3D" index="34"]
transform = Transform3D(-0.999998, -0.00201083, -1.15583e-06, 0.00201054, -0.999998, 6.4813e-07, -1.18738e-06, 6.38495e-07, 1, -0.955642, -1.5505, -0.0144884)

[node name="Limb Segment_001" parent="Armature/Skeleton3D/Limb Segment_001" index="0"]
material_override = ExtResource("3_wigwt")

[node name="Limb Segment_002" parent="Armature/Skeleton3D" index="35"]
transform = Transform3D(-0.999892, 0.0147384, -4.17233e-07, -0.0147387, -0.999892, 6.65896e-07, -4.33867e-07, 6.64481e-07, 1, -0.944511, -1.55072, -0.0144884)

[node name="Limb Segment_002" parent="Armature/Skeleton3D/Limb Segment_002" index="0"]
material_override = ExtResource("3_wigwt")

[node name="Head_2" parent="Armature/Skeleton3D" index="36"]
transform = Transform3D(1, -1.39699e-09, 2.8399e-10, 1.397e-09, 1, 3.16649e-08, -2.84004e-10, -3.16649e-08, 1, 0.00468186, 4.36677, 0.258839)

[node name="Head_2" parent="Armature/Skeleton3D/Head_2" index="0"]
transform = Transform3D(1, 1.81899e-12, -8.73115e-11, 3.63843e-12, 1, -1.49012e-08, -5.82077e-11, 0, 1, -0.0443553, -0.0147696, 0.000644565)
material_override = ExtResource("3_wigwt")

[node name="Inner Eye Lights" parent="Armature/Skeleton3D" index="37"]
transform = Transform3D(1, 2.8399e-10, 1.39699e-09, 1.397e-09, 3.16649e-08, -1, -2.84004e-10, 1, 3.16649e-08, 0.00468478, 4.42552, 0.749813)

[node name="Inner Eye Lights" parent="Armature/Skeleton3D/Inner Eye Lights" index="0"]
surface_material_override/0 = SubResource("StandardMaterial3D_i6yo6")

[node name="Lights 2" parent="Armature/Skeleton3D" index="38"]
transform = Transform3D(1, 2.8399e-10, 1.39699e-09, 1.397e-09, 3.16649e-08, -1, -2.84004e-10, 1, 3.16649e-08, 0.00468458, 4.41193, 0.72831)

[node name="Lights 2" parent="Armature/Skeleton3D/Lights 2" index="0"]
surface_material_override/0 = SubResource("StandardMaterial3D_yg4ii")

[node name="Right Arm_012" parent="Armature/Skeleton3D" index="39"]
transform = Transform3D(1, -1.39744e-09, 2.61977e-10, 1.39746e-09, 1, 2.9801e-08, -2.61991e-10, -2.9801e-08, 1, -0.0203595, 3.34207, -0.0144376)

[node name="Right Arm_012" parent="Armature/Skeleton3D/Right Arm_012" index="0"]
material_override = ExtResource("3_wigwt")

[node name="Main Body_2" parent="Armature/Skeleton3D" index="40"]
transform = Transform3D(0.999576, 1.23011e-05, -0.0291133, 1.22791e-05, 1, 0.000844116, 0.0291133, -0.000844116, 0.999576, 0.00468409, 2.3673, 0.0116158)

[node name="Main Body_2" parent="Armature/Skeleton3D/Main Body_2" index="0"]
transform = Transform3D(1, 0, -1.86265e-09, 2.32831e-10, 1, 7.45058e-09, 1.86265e-09, 7.45058e-09, 1, 0, 0, 0)
material_override = ExtResource("3_wigwt")

[node name="Reactor Casing" parent="Armature/Skeleton3D" index="41"]
transform = Transform3D(0.999576, 1.23011e-05, -0.0291133, 1.22791e-05, 1, 0.000844116, 0.0291133, -0.000844116, 0.999576, -0.0410302, 2.4427, 1.58114)

[node name="Reactor Casing" parent="Armature/Skeleton3D/Reactor Casing" index="0"]
surface_material_override/0 = ExtResource("3_wigwt")
surface_material_override/1 = SubResource("StandardMaterial3D_yg4ii")

[node name="Reactor" parent="Armature/Skeleton3D" index="42"]
transform = Transform3D(0.999576, 1.23011e-05, -0.0291133, 1.22791e-05, 1, 0.000844116, 0.0291133, -0.000844116, 0.999576, -0.0428473, 2.46961, 1.64352)

[node name="Finger End 1_001" parent="Armature/Skeleton3D" index="43"]
transform = Transform3D(0.999996, 0.00278002, -0.00141244, -0.00278077, 0.999997, -0.000572754, 0.00141083, 0.000576683, 0.999999, 4.1359, -1.52574, -0.0326643)

[node name="Finger End 1_001" parent="Armature/Skeleton3D/Finger End 1_001" index="0"]
material_override = ExtResource("3_wigwt")

[node name="Finger Middle 1_001" parent="Armature/Skeleton3D" index="44"]
transform = Transform3D(0.999995, 0.00278047, -0.00141237, -0.00278118, 0.999995, -0.000572829, 0.00141077, 0.000576758, 0.999999, 3.96934, -1.31577, -0.0327798)

[node name="Finger Middle 1_001" parent="Armature/Skeleton3D/Finger Middle 1_001" index="0"]
material_override = ExtResource("3_wigwt")

[node name="Finger Base 1_001" parent="Armature/Skeleton3D" index="45"]
transform = Transform3D(0.999995, 0.00277898, -0.00141237, -0.00277963, 0.999996, -0.000572812, 0.00141077, 0.000576739, 0.999999, 3.79648, -1.09831, -0.0331714)

[node name="Finger Base 1_001" parent="Armature/Skeleton3D/Finger Base 1_001" index="0"]
material_override = ExtResource("3_wigwt")

[node name="Finger End 2_001" parent="Armature/Skeleton3D" index="46"]
transform = Transform3D(0.999995, 0.00277927, -0.00141236, -0.00278011, 0.999996, -0.000572807, 0.00141076, 0.000576734, 0.999999, 3.86806, -1.69888, -0.0331421)

[node name="Finger End 2_001" parent="Armature/Skeleton3D/Finger End 2_001" index="0"]
material_override = ExtResource("3_wigwt")

[node name="Finger Middle 2_001" parent="Armature/Skeleton3D" index="47"]
transform = Transform3D(0.999995, 0.00277963, -0.00141237, -0.0027805, 0.999996, -0.000572788, 0.00141077, 0.000576716, 0.999999, 3.73892, -1.46404, -0.0331902)

[node name="Finger Middle 2_001" parent="Armature/Skeleton3D/Finger Middle 2_001" index="0"]
transform = Transform3D(1, 0, 2.98023e-08, 0, 1, 2.23517e-08, -4.47035e-08, -1.49012e-08, 1, 0, 0, 0)
material_override = ExtResource("3_wigwt")

[node name="Finger Base 2_001" parent="Armature/Skeleton3D" index="48"]
transform = Transform3D(0.999995, 0.00278076, -0.00141239, -0.00278151, 0.999995, -0.000572819, 0.00141078, 0.000576749, 0.999999, 3.60929, -1.22908, -0.0341988)

[node name="Finger Base 2_001" parent="Armature/Skeleton3D/Finger Base 2_001" index="0"]
material_override = ExtResource("3_wigwt")

[node name="Finger End 3_001" parent="Armature/Skeleton3D" index="49"]
transform = Transform3D(0.99998, 0.00654354, -0.000137566, -0.00654361, 0.999979, -0.00109958, 0.000130361, 0.00110046, 0.999999, 3.57433, -1.81343, -0.0333242)

[node name="Finger End 3_001" parent="Armature/Skeleton3D/Finger End 3_001" index="0"]
material_override = ExtResource("3_wigwt")

[node name="Finger Middle 3_001" parent="Armature/Skeleton3D" index="50"]
transform = Transform3D(0.99998, 0.00654435, -0.000137606, -0.00654432, 0.999978, -0.00109948, 0.000130401, 0.00110036, 0.999999, 3.4925, -1.55821, -0.0333214)

[node name="Finger Middle 3_001" parent="Armature/Skeleton3D/Finger Middle 3_001" index="0"]
material_override = ExtResource("3_wigwt")

[node name="Finger Base 3_001" parent="Armature/Skeleton3D" index="51"]
transform = Transform3D(0.999978, 0.00654432, -0.000137605, -0.00654435, 0.999977, -0.00109949, 0.000130399, 0.00110038, 0.999999, 3.40087, -1.27631, -0.0340926)

[node name="Finger Base 3_001" parent="Armature/Skeleton3D/Finger Base 3_001" index="0"]
material_override = ExtResource("3_wigwt")

[node name="Finger End 4_001" parent="Armature/Skeleton3D" index="52"]
transform = Transform3D(0.99998, 0.00654316, -0.000137604, -0.00654319, 0.999979, -0.00109947, 0.0001304, 0.00110036, 0.999999, 3.03928, -1.51168, -0.0333792)

[node name="Finger End 4_001" parent="Armature/Skeleton3D/Finger End 4_001" index="0"]
material_override = ExtResource("3_wigwt")

[node name="Finger Base 4_001" parent="Armature/Skeleton3D" index="53"]
transform = Transform3D(0.999978, 0.00654402, -0.000137576, -0.00654402, 0.999977, -0.0010995, 0.000130371, 0.00110038, 0.999999, 3.18567, -1.18489, -0.0373409)

[node name="Finger Base 4_001" parent="Armature/Skeleton3D/Finger Base 4_001" index="0"]
material_override = ExtResource("3_wigwt")

[node name="Left Hand_001" parent="Armature/Skeleton3D" index="54"]
transform = Transform3D(1, 1.2219e-06, -6.37464e-08, -1.07288e-06, 1, -4.21365e-08, 5.68751e-08, 4.60212e-08, 1, 3.55168, -1.33455, 0.004636)

[node name="Left Hand_001" parent="Armature/Skeleton3D/Left Hand_001" index="0"]
material_override = ExtResource("2_4rq6j")

[node name="Left Wrist Guard" parent="Armature/Skeleton3D" index="55"]
transform = Transform3D(1, 1.2219e-06, -6.37464e-08, -1.07288e-06, 1, -4.21365e-08, 5.68751e-08, 4.60212e-08, 1, 3.25001, -0.409153, 0.0388633)

[node name="Left Wrist Guard" parent="Armature/Skeleton3D/Left Wrist Guard" index="0"]
material_override = ExtResource("3_wigwt")

[node name="Left Arm_011" parent="Armature/Skeleton3D" index="56"]
transform = Transform3D(1, 1.63913e-06, -4.26323e-08, -1.46031e-06, 1, -6.40211e-08, 3.5761e-08, 6.79057e-08, 1, 2.88623, 0.412286, -0.0164894)

[node name="Left Arm_011" parent="Armature/Skeleton3D/Left Arm_011" index="0"]
transform = Transform3D(1, 0, 0, 0, 1, 1.49012e-08, 7.45058e-09, 1.49012e-08, 1, 0, 0, 0)
material_override = ExtResource("3_wigwt")

[node name="Left Arm_010" parent="Armature/Skeleton3D" index="57"]
transform = Transform3D(1, 1.66893e-06, -4.88219e-08, -1.49012e-06, 1, -4.53327e-08, 4.19506e-08, 4.92174e-08, 1, 2.81514, 0.592847, -0.0164894)

[node name="Left Arm_010" parent="Armature/Skeleton3D/Left Arm_010" index="0"]
material_override = ExtResource("3_wigwt")

[node name="Left Arm_009" parent="Armature/Skeleton3D" index="58"]
transform = Transform3D(1, 1.63913e-06, -5.82279e-08, -1.51992e-06, 1, -4.48634e-08, 5.13566e-08, 4.87481e-08, 1, 2.74406, 0.773408, -0.0164892)

[node name="Left Arm_009" parent="Armature/Skeleton3D/Left Arm_009" index="0"]
material_override = ExtResource("3_wigwt")

[node name="Left Arm_008" parent="Armature/Skeleton3D" index="59"]
transform = Transform3D(1, 1.40071e-06, -3.75435e-08, -1.2815e-06, 1, -3.35668e-08, 3.0672e-08, 3.74513e-08, 1, 2.67298, 0.953969, -0.0164893)

[node name="Left Arm_008" parent="Armature/Skeleton3D/Left Arm_008" index="0"]
material_override = ExtResource("3_wigwt")

[node name="Left Arm_007" parent="Armature/Skeleton3D" index="60"]
transform = Transform3D(0.990511, 0.106412, -0.086962, -0.106413, 0.99431, 0.00464234, 0.0869613, 0.00465559, 0.996201, 2.61142, 1.13771, -0.0190923)

[node name="Left Arm_007" parent="Armature/Skeleton3D/Left Arm_007" index="0"]
material_override = ExtResource("3_wigwt")

[node name="Left Arm_006" parent="Armature/Skeleton3D" index="61"]
transform = Transform3D(0.995329, -0.0960814, 0.00938778, 0.0962792, 0.995076, -0.0235369, -0.0070801, 0.0243308, 0.999679, 2.54516, 1.30864, -0.0193406)

[node name="Left Arm_006" parent="Armature/Skeleton3D/Left Arm_006" index="0"]
material_override = ExtResource("3_wigwt")

[node name="Left Arm_005" parent="Armature/Skeleton3D" index="62"]
transform = Transform3D(1, 1.57952e-06, -1.7721e-08, -1.51992e-06, 0.999999, -7.14954e-08, 1.33997e-08, 6.91826e-08, 1, 2.45973, 1.49565, -0.0164892)

[node name="Left Arm_005" parent="Armature/Skeleton3D/Left Arm_005" index="0"]
material_override = ExtResource("3_wigwt")

[node name="Left Arm_004" parent="Armature/Skeleton3D" index="63"]
transform = Transform3D(1, 7.7486e-07, -3.11577e-08, -7.15256e-07, 1, -4.50994e-08, 2.68365e-08, 4.27866e-08, 1, 2.38864, 1.67621, -0.0164899)

[node name="Left Arm_004" parent="Armature/Skeleton3D/Left Arm_004" index="0"]
material_override = ExtResource("3_wigwt")

[node name="Left Arm_003" parent="Armature/Skeleton3D" index="64"]
transform = Transform3D(1, 1.57952e-06, -3.22203e-08, -1.51992e-06, 1, -3.66506e-08, 2.78991e-08, 3.43379e-08, 1, 2.31756, 1.85677, -0.0164894)

[node name="Left Arm_003" parent="Armature/Skeleton3D/Left Arm_003" index="0"]
material_override = ExtResource("3_wigwt")

[node name="Left Arm_002" parent="Armature/Skeleton3D" index="65"]
transform = Transform3D(1, 1.37091e-06, -2.93438e-08, -1.3113e-06, 1, -4.78789e-08, 2.50224e-08, 4.55661e-08, 1, 2.24647, 2.03733, -0.0164891)

[node name="Left Arm_002" parent="Armature/Skeleton3D/Left Arm_002" index="0"]
material_override = ExtResource("3_wigwt")

[node name="Left Arm_001" parent="Armature/Skeleton3D" index="66"]
transform = Transform3D(1, -1.19209e-07, -2.77832e-08, 1.78814e-07, 1, -5.97366e-08, 2.34622e-08, 5.7424e-08, 1, 2.17539, 2.21789, -0.0164894)

[node name="Left Arm_001" parent="Armature/Skeleton3D/Left Arm_001" index="0"]
material_override = ExtResource("3_wigwt")

[node name="Left Arm" parent="Armature/Skeleton3D" index="67"]
transform = Transform3D(1, 1.3113e-06, -2.0338e-07, -1.2517e-06, 1, -1.19055e-07, 1.99059e-07, 1.16743e-07, 1, 2.10431, 2.39846, -0.0164895)

[node name="Left Arm" parent="Armature/Skeleton3D/Left Arm" index="0"]
material_override = ExtResource("3_wigwt")

[node name="Left Shoulder" parent="Armature/Skeleton3D" index="68"]
transform = Transform3D(1, -5.7161e-07, 1.86265e-08, 6.80047e-07, 1, -8.73115e-09, -1.95578e-08, 8.96398e-09, 1, 0.00468421, 2.3673, 0.0116159)

[node name="Left Shoulder" parent="Armature/Skeleton3D/Left Shoulder" index="0"]
material_override = ExtResource("3_wigwt")

[node name="Finger End 1" parent="Armature/Skeleton3D" index="69"]
transform = Transform3D(0.999991, -0.00376654, -0.00127817, 0.00376713, 0.999992, 0.000518361, 0.00127619, -0.000523177, 0.999999, -4.12237, -1.52785, 0.00180208)

[node name="Finger End 1" parent="Armature/Skeleton3D/Finger End 1" index="0"]
material_override = ExtResource("3_wigwt")

[node name="Finger Middle 1" parent="Armature/Skeleton3D" index="70"]
transform = Transform3D(0.999991, -0.00376627, -0.00127819, 0.00376683, 0.999992, 0.000518355, 0.00127621, -0.00052317, 0.999999, -3.95602, -1.31771, 0.00190647)

[node name="Finger Middle 1" parent="Armature/Skeleton3D/Finger Middle 1" index="0"]
material_override = ExtResource("3_wigwt")

[node name="Finger Base 1" parent="Armature/Skeleton3D" index="71"]
transform = Transform3D(0.999991, -0.00376591, -0.00127817, 0.00376651, 0.999992, 0.000518345, 0.0012762, -0.00052316, 0.999999, -3.78337, -1.10008, 0.00228655)

[node name="Finger Base 1" parent="Armature/Skeleton3D/Finger Base 1" index="0"]
material_override = ExtResource("3_wigwt")

[node name="Finger End 2" parent="Armature/Skeleton3D" index="72"]
transform = Transform3D(0.999991, -0.00376612, -0.00127818, 0.00376665, 0.999992, 0.000518367, 0.0012762, -0.000523182, 0.999999, -3.85436, -1.70072, 0.00223425)

[node name="Finger End 2" parent="Armature/Skeleton3D/Finger End 2" index="0"]
material_override = ExtResource("3_wigwt")

[node name="Finger Middle 2" parent="Armature/Skeleton3D" index="73"]
