[gd_scene load_steps=48 format=3 uid="uid://bd2s4wf2tu7sm"]

[ext_resource type="Script" path="res://Scenes/Models/Player/Player.gd" id="1_dvppb"]
[ext_resource type="Resource" uid="uid://c08l7gnjmjaqu" path="res://Scenes/Models/Player/MovementStates/run.tres" id="2_mml65"]
[ext_resource type="Resource" uid="uid://difpuuckqhvsv" path="res://Scenes/Models/Player/MovementStates/stand.tres" id="3_moa87"]
[ext_resource type="Resource" uid="uid://brvevs4yorhgf" path="res://Scenes/Models/Player/MovementStates/walk.tres" id="4_vttyl"]
[ext_resource type="Resource" uid="uid://bl52gdpkd3csn" path="res://Scenes/Models/Player/JumpStates/jump.tres" id="5_qm2u8"]
[ext_resource type="Resource" uid="uid://dnvfiisdtrht" path="res://Scenes/Models/Player/GlideStates/glide.tres" id="6_mtxa7"]
[ext_resource type="Script" path="res://Scenes/Models/Player/audio_controller.gd" id="7_7iij5"]
[ext_resource type="Script" path="res://Scenes/Models/Player/movement_controller.gd" id="8_j5sic"]
[ext_resource type="Script" path="res://Scenes/Models/Player/animation_controller.gd" id="9_eodew"]
[ext_resource type="PackedScene" uid="uid://bhdvfievnjoad" path="res://Scenes/Models/Player/Player.tscn" id="10_5kxhf"]
[ext_resource type="Script" path="res://Scenes/Models/Player/CoinController.gd" id="10_l6cfa"]
[ext_resource type="PackedScene" uid="uid://enjqiqwhpu7" path="res://Scenes/Models/Player/Glider.tscn" id="11_inerc"]
[ext_resource type="Script" path="res://Scenes/Models/Player/Glider.gd" id="12_sntr0"]
[ext_resource type="Script" path="res://Scenes/Models/Player/camera_controller.gd" id="13_j0ncc"]
[ext_resource type="Script" path="res://Scenes/Models/Player/SpringArm3D.gd" id="14_jlokr"]
[ext_resource type="Texture2D" uid="uid://dt0nnojl3rji0" path="res://Assets/Character/Textures/Damage Overlay.png" id="15_4lvj7"]
[ext_resource type="AudioStream" uid="uid://pt0u3r8i0vdg" path="res://Assets/Sound/Effects/damage.wav" id="16_0wh5x"]
[ext_resource type="Shader" path="res://Scenes/Models/Player/SpeedOverlay.gdshader" id="16_1v2vt"]
[ext_resource type="Script" path="res://Scenes/Models/Player/HealthBar.gd" id="17_ic8d8"]
[ext_resource type="AudioStream" uid="uid://0mnwvfvadsp4" path="res://Assets/Sound/Music/Song 1.wav" id="17_vstat"]
[ext_resource type="PackedScene" uid="uid://bdngkrkcavhrj" path="res://Scenes/Screens/death_screen.tscn" id="18_pn5pv"]
[ext_resource type="Script" path="res://Scenes/Models/Player/stamina_meter.gd" id="21_0ngw6"]
[ext_resource type="PackedScene" uid="uid://eg0orw83mbc7" path="res://Scenes/Screens/pause_screen.tscn" id="22_lstwq"]
[ext_resource type="PackedScene" uid="uid://ck0fxax3tcprq" path="res://Scenes/Screens/win_screen.tscn" id="24_jnm0e"]
[ext_resource type="Script" path="res://Scenes/Screens/win_screen.gd" id="25_nkhdr"]

[sub_resource type="CapsuleShape3D" id="CapsuleShape3D_ny02q"]

[sub_resource type="AnimationNodeAnimation" id="AnimationNodeAnimation_uhh3q"]
animation = &"Falling"

[sub_resource type="AnimationNodeAnimation" id="AnimationNodeAnimation_4lju0"]
animation = &"Glide"

[sub_resource type="AnimationNodeAnimation" id="AnimationNodeAnimation_6t4by"]
animation = &"Jump"

[sub_resource type="AnimationNodeBlend2" id="AnimationNodeBlend2_p55mh"]

[sub_resource type="AnimationNodeOneShot" id="AnimationNodeOneShot_rmhht"]

[sub_resource type="AnimationNodeTimeScale" id="AnimationNodeTimeScale_qoddc"]

[sub_resource type="AnimationNodeAnimation" id="AnimationNodeAnimation_sivxs"]
animation = &"Idle"

[sub_resource type="AnimationNodeAnimation" id="AnimationNodeAnimation_wbm5n"]
animation = &"Walk"

[sub_resource type="AnimationNodeAnimation" id="AnimationNodeAnimation_ci5d5"]
animation = &"Running"

[sub_resource type="AnimationNodeBlendSpace1D" id="AnimationNodeBlendSpace1D_h2nin"]
blend_point_0/node = SubResource("AnimationNodeAnimation_sivxs")
blend_point_0/pos = 0.0
blend_point_1/node = SubResource("AnimationNodeAnimation_wbm5n")
blend_point_1/pos = 1.0
blend_point_2/node = SubResource("AnimationNodeAnimation_ci5d5")
blend_point_2/pos = 2.0
min_space = 0.0
max_space = 3.0
snap = 1.0

[sub_resource type="AnimationNodeBlend2" id="AnimationNodeBlend2_gxhi5"]

[sub_resource type="AnimationNodeBlendTree" id="AnimationNodeBlendTree_0fiv8"]
graph_offset = Vector2(39.6885, 312.508)
nodes/Animation/node = SubResource("AnimationNodeAnimation_6t4by")
nodes/Animation/position = Vector2(400, 400)
"nodes/Animation 2/node" = SubResource("AnimationNodeAnimation_uhh3q")
"nodes/Animation 2/position" = Vector2(120, 620)
"nodes/Animation 3/node" = SubResource("AnimationNodeAnimation_4lju0")
"nodes/Animation 3/position" = Vector2(140, 740)
nodes/is_gliding/node = SubResource("AnimationNodeBlend2_p55mh")
nodes/is_gliding/position = Vector2(660, 580)
nodes/jump/node = SubResource("AnimationNodeOneShot_rmhht")
nodes/jump/position = Vector2(1200, 520)
nodes/movement_anim_speed/node = SubResource("AnimationNodeTimeScale_qoddc")
nodes/movement_anim_speed/position = Vector2(660, 1000)
nodes/movement_blend/node = SubResource("AnimationNodeBlendSpace1D_h2nin")
nodes/movement_blend/position = Vector2(400, 1040)
nodes/on_floor_blend/node = SubResource("AnimationNodeBlend2_gxhi5")
nodes/on_floor_blend/position = Vector2(1580, 720)
nodes/output/position = Vector2(1860, 660)
node_connections = [&"is_gliding", 0, &"Animation 2", &"is_gliding", 1, &"Animation 3", &"jump", 0, &"movement_anim_speed", &"jump", 1, &"Animation", &"movement_anim_speed", 0, &"movement_blend", &"on_floor_blend", 0, &"is_gliding", &"on_floor_blend", 1, &"jump", &"output", 0, &"on_floor_blend"]

[sub_resource type="SphereShape3D" id="SphereShape3D_fbxo0"]
radius = 0.07

[sub_resource type="FastNoiseLite" id="FastNoiseLite_aw0s0"]

[sub_resource type="NoiseTexture2D" id="NoiseTexture2D_ow4ag"]
width = 1024
height = 1024
noise = SubResource("FastNoiseLite_aw0s0")

[sub_resource type="ShaderMaterial" id="ShaderMaterial_5ddcd"]
shader = ExtResource("16_1v2vt")
shader_parameter/line_color = Color(0.509286, 0.509286, 0.509286, 1)
shader_parameter/line_count = 2.0
shader_parameter/line_density = 0.135
shader_parameter/line_falloff = 0.827
shader_parameter/mask_size = 0.299
shader_parameter/mask_edge = 0.367
shader_parameter/animation_speed = 3.74
shader_parameter/noise = SubResource("NoiseTexture2D_ow4ag")

[sub_resource type="FontVariation" id="FontVariation_364hi"]
variation_embolden = 1.06

[sub_resource type="StyleBoxEmpty" id="StyleBoxEmpty_ai30p"]

[sub_resource type="StyleBoxFlat" id="StyleBoxFlat_dxccx"]
bg_color = Color(0.452292, 0.663102, 0.44814, 1)

[sub_resource type="StyleBoxFlat" id="StyleBoxFlat_5ofko"]
bg_color = Color(0.262932, 0.262932, 0.262932, 1)
expand_margin_left = 5.0
expand_margin_top = 5.0
expand_margin_right = 5.0
expand_margin_bottom = 5.0
shadow_color = Color(0, 0, 0, 0.27451)
shadow_offset = Vector2(0, 1)

[sub_resource type="StyleBoxFlat" id="StyleBoxFlat_q6b0o"]
bg_color = Color(0.811075, 0.856637, 0.833661, 1)

[node name="Player" type="CharacterBody3D" node_paths=PackedStringArray("win_screen") groups=["player"]]
transform = Transform3D(1, 0, 0, 0, 1, 0, 0, 0, 1, 0, 1, 0)
script = ExtResource("1_dvppb")
win_screen = NodePath("GameOverScreen")
movement_states = {
"run": ExtResource("2_mml65"),
"stand": ExtResource("3_moa87"),
"walk": ExtResource("4_vttyl")
}
jump_states = {
"jump": ExtResource("5_qm2u8")
}
glide_states = {
"glide": ExtResource("6_mtxa7")
}

[node name="AudioController" type="Node" parent="." node_paths=PackedStringArray("fall_damage_player", "main_song", "sound_effects", "player")]
script = ExtResource("7_7iij5")
fall_damage_player = NodePath("../FallDamage")
main_song = NodePath("../Main Song")
sound_effects = NodePath("../SoundEffects")
player = NodePath("..")

[node name="MovementController" type="Node" parent="." node_paths=PackedStringArray("player", "mesh_root", "hurt_overlay", "speed_overlay", "health_bar", "death_screen", "skeleton")]
script = ExtResource("8_j5sic")
player = NodePath("..")
mesh_root = NodePath("../MeshRoot")
hurt_overlay = NodePath("../HurtOverlay")
speed_overlay = NodePath("../SpeedOverlay")
health_bar = NodePath("../HealthBar")
death_screen = NodePath("../GameOverScreen")
skeleton = NodePath("../MeshRoot/Robot/Armature/Skeleton3D")
glide_states = {
"glide": ExtResource("6_mtxa7")
}

[node name="AnimationController" type="Node" parent="." node_paths=PackedStringArray("animation_tree", "player")]
script = ExtResource("9_eodew")
animation_tree = NodePath("../MeshRoot/AnimationTree")
player = NodePath("..")

[node name="CoinController" type="ColorRect" parent="."]
anchors_preset = -1
anchor_left = 0.5
anchor_top = 0.049
anchor_right = 0.5
anchor_bottom = 0.049
offset_top = 0.247999
offset_bottom = 0.247999
grow_horizontal = 2
grow_vertical = 2
script = ExtResource("10_l6cfa")

[node name="CollisionShape3D" type="CollisionShape3D" parent="."]
shape = SubResource("CapsuleShape3D_ny02q")

[node name="MeshRoot" type="Node3D" parent="."]

[node name="Robot" parent="MeshRoot" instance=ExtResource("10_5kxhf")]
transform = Transform3D(1, 0, 0, 0, 1, 0, 0, 0, 1, 0, -1.02912, 0)

[node name="Skeleton3D" parent="MeshRoot/Robot/Armature" index="0"]
bones/1/position = Vector3(2.455, 8.64812, 3.16529)
bones/3/position = Vector3(-2.46437, 8.64812, 3.16529)
bones/5/position = Vector3(0, 5.70156, 0)
bones/5/rotation = Quaternion(0.0703003, 0, 0, 0.997526)
bones/7/rotation = Quaternion(-0.446596, 0.0897157, 0.0564202, 0.888437)
bones/8/rotation = Quaternion(8.7203e-08, 1.2085e-07, -0.092749, 0.99569)
bones/9/rotation = Quaternion(3.48298e-08, -2.35946e-07, -0.0692928, 0.997596)
bones/10/rotation = Quaternion(2.1265e-08, 2.37054e-07, -0.0416433, 0.999133)
bones/11/rotation = Quaternion(-1.17175e-05, -0.0019178, -0.0061122, 0.999979)
bones/12/rotation = Quaternion(6.1198e-05, 0.00191674, 0.0319198, 0.999489)
bones/13/rotation = Quaternion(-4.23516e-08, 1.17609e-07, 0.0716343, 0.997431)
bones/14/rotation = Quaternion(-1.15598e-07, 3.55517e-07, 0.107834, 0.994169)
bones/15/rotation = Quaternion(0.0012222, -0.00904563, 0.133913, 0.990951)
bones/16/rotation = Quaternion(0.0020326, 0.00889814, 0.222696, 0.974845)
bones/31/position = Vector3(-1.19743, 3.00225, -2.21856)
bones/32/position = Vector3(0.0409813, -0.261409, -5.76169e-05)
bones/32/rotation = Quaternion(0.000113419, 0.000698987, 0.160203, 0.987084)
bones/42/position = Vector3(-2.74235, 2.23177, -1.58447)
bones/43/position = Vector3(-0.0409653, -0.261383, -5.77883e-05)
bones/43/rotation = Quaternion(-0.000157933, -0.000690231, 0.223101, 0.974795)
bones/52/rotation = Quaternion(-0.378718, 0.256233, 0.526025, 0.717088)
bones/53/rotation = Quaternion(4.23971e-08, -1.0235e-07, 0.10493, 0.99448)
bones/54/rotation = Quaternion(4.23962e-08, 2.37903e-07, 0.0784973, 0.996914)
bones/55/rotation = Quaternion(2.4799e-08, -2.39316e-07, 0.04721, 0.998885)
bones/56/rotation = Quaternion(-1.3819e-05, 0.00191779, 0.00720692, 0.999972)
bones/57/rotation = Quaternion(6.93554e-05, -0.00191646, -0.036177, 0.999344)
bones/58/rotation = Quaternion(-5.69081e-08, -1.20379e-07, -0.0810936, 0.996707)
bones/59/rotation = Quaternion(-1.41332e-07, -3.56323e-07, -0.12188, 0.992545)
bones/60/rotation = Quaternion(0.00137746, 0.00902328, -0.150926, 0.988503)
bones/61/rotation = Quaternion(0.00219543, -0.00885935, -0.240536, 0.970597)
bones/76/rotation = Quaternion(0.0592395, -0.000235748, 0.00724406, 0.998218)
bones/79/rotation = Quaternion(0.201494, 1.86126e-06, 8.31498e-05, 0.97949)
bones/87/rotation = Quaternion(-0.000896317, 0.00168269, -0.717235, 0.696829)
bones/88/rotation = Quaternion(-0.00494084, 7.14921e-05, 0.297733, 0.954636)
bones/89/rotation = Quaternion(0.523938, -0.426592, -0.120995, 0.727233)
bones/90/rotation = Quaternion(-0.00207246, -0.00334011, -0.00783028, 0.999962)
bones/91/rotation = Quaternion(0.00182163, 2.00848e-07, 0.00680353, 0.999975)
bones/92/rotation = Quaternion(-0.000194959, 4.84237e-06, -0.000390787, 1)
bones/93/rotation = Quaternion(-0.000286623, 4.71048e-06, -0.000444881, 1)
bones/94/rotation = Quaternion(5.61461e-05, -1.05998e-07, -0.000615754, 1)
bones/95/rotation = Quaternion(0.00155009, -2.91675e-06, -0.00580586, 0.999982)
bones/96/rotation = Quaternion(-0.00497294, 0.000658843, 0.0190801, 0.999805)
bones/97/rotation = Quaternion(0.00869774, 0.0397979, -0.0283107, 0.998769)
bones/98/rotation = Quaternion(-0.00666238, -0.04047, 0.0217891, 0.998921)
bones/99/rotation = Quaternion(0.00171292, -3.04611e-07, -0.00655342, 0.999977)
bones/100/rotation = Quaternion(0.000179275, -2.51457e-08, -0.000698349, 1)
bones/102/rotation = Quaternion(-6.28291e-09, -7.81915e-08, 0.00604859, 0.999982)
bones/105/rotation = Quaternion(-6.62427e-10, 1.44506e-07, 0.00087978, 1)
bones/109/rotation = Quaternion(-8.77514e-08, 3.3197e-07, 0.0640607, 0.997946)
bones/110/rotation = Quaternion(1.39102e-08, -8.02659e-08, -0.00846498, 0.999964)
bones/111/rotation = Quaternion(-1.23116e-10, 1.42563e-07, 3.92348e-05, 1)
bones/115/rotation = Quaternion(5.14655e-08, 4.24464e-07, -0.0351677, 0.999381)
bones/121/rotation = Quaternion(7.624e-07, 8.13779e-07, -0.396704, 0.917946)
bones/122/rotation = Quaternion(2.39691e-09, -5.35418e-08, -0.0011728, 0.999999)
bones/140/rotation = Quaternion(-0.00108472, -0.00157224, 0.707184, 0.707027)
bones/141/rotation = Quaternion(-0.00484098, -0.000232663, -0.297911, 0.954581)
bones/142/rotation = Quaternion(0.523773, 0.426225, 0.121551, 0.727474)
bones/143/rotation = Quaternion(-0.00161217, 0.000125805, 0.00566776, 0.999983)
bones/144/rotation = Quaternion(0.00152979, -1.66975e-07, -0.0053136, 0.999985)
bones/145/rotation = Quaternion(-0.000259948, -4.92711e-06, 0.000656254, 1)
bones/146/rotation = Quaternion(-0.00025809, -4.8241e-06, 0.000205244, 1)
bones/147/rotation = Quaternion(9.99786e-06, 2.00035e-07, 0.000196448, 1)
bones/148/rotation = Quaternion(0.00144456, 3.05097e-06, 0.00603126, 0.999981)
bones/149/rotation = Quaternion(-0.0042737, -0.00641461, -0.0179905, 0.999808)
bones/150/rotation = Quaternion(0.00728551, -0.0268001, 0.0264981, 0.999263)
bones/151/rotation = Quaternion(-0.00563094, 0.0332222, -0.0210139, 0.999211)
bones/152/rotation = Quaternion(0.00160057, 3.19791e-07, 0.00690656, 0.999975)
bones/153/rotation = Quaternion(7.9737e-05, 2.70083e-08, 0.000355281, 1)
bones/155/rotation = Quaternion(-6.09949e-09, 7.80795e-08, -0.0060486, 0.999982)
bones/156/rotation = Quaternion(-1.56508e-07, -1.89241e-07, -0.133093, 0.991104)
bones/157/rotation = Quaternion(-1.45058e-08, -2.28915e-08, -0.00825755, 0.999966)
bones/158/rotation = Quaternion(-6.41562e-10, -1.4453e-07, -0.00087978, 1)
bones/162/rotation = Quaternion(-8.27381e-08, -3.3349e-07, -0.0640607, 0.997946)
bones/168/rotation = Quaternion(4.92962e-08, -4.23882e-07, 0.0351676, 0.999381)
bones/169/rotation = Quaternion(1.06161e-08, -8.55839e-08, 0.00496715, 0.999988)
bones/170/rotation = Quaternion(1.42861e-08, -3.03825e-08, 0.00712437, 0.999975)
bones/174/rotation = Quaternion(7.5165e-07, -8.11006e-07, 0.396704, 0.917946)
bones/175/rotation = Quaternion(1.22299e-10, 5.35334e-08, 0.00117277, 0.999999)

[node name="Lower Left Leg" parent="MeshRoot/Robot/Armature/Skeleton3D" index="0"]
transform = Transform3D(0.998281, -0.0241749, -0.0533975, -0.0302844, 0.56725, -0.822988, 0.0501852, 0.823191, 0.565543, 0.921258, -2.8897, -1.1608)

[node name="Left Leg Joint Cutouts" parent="MeshRoot/Robot/Armature/Skeleton3D" index="1"]
transform = Transform3D(0.998281, -0.0241749, -0.0533975, -0.0302844, 0.56725, -0.822988, 0.0501852, 0.823191, 0.565543, 0.902837, -2.3798, -0.538661)

[node name="Lower Left Leg Joint" parent="MeshRoot/Robot/Armature/Skeleton3D" index="2"]
transform = Transform3D(0.998281, -0.0241749, -0.0533975, -0.0302844, 0.56725, -0.822988, 0.0501852, 0.823191, 0.565543, 0.910923, -2.29042, -0.416155)

[node name="Lower Left Leg Joint" parent="MeshRoot/Robot/Armature/Skeleton3D/Lower Left Leg Joint" index="0"]
transform = Transform3D(1, -3.72529e-09, -3.72529e-09, -1.86265e-09, 1, -2.98023e-08, 0, -2.98023e-08, 1, 0, 0, 0)

[node name="Lower Left Leg Light" parent="MeshRoot/Robot/Armature/Skeleton3D" index="3"]
transform = Transform3D(0.998281, -0.0241749, -0.0533975, -0.0302844, 0.56725, -0.822988, 0.0501852, 0.823191, 0.565543, 1.2137, -2.64645, -1.12796)

[node name="Limb Segment_018" parent="MeshRoot/Robot/Armature/Skeleton3D" index="4"]
transform = Transform3D(0.998095, -0.0192878, 0.0585991, -0.0458314, -0.867661, 0.495038, 0.0412958, -0.496781, -0.866893, 0.919621, -1.40448, 0.16892)

[node name="Limb Segment_017" parent="MeshRoot/Robot/Armature/Skeleton3D" index="5"]
transform = Transform3D(0.998285, -0.0166378, 0.0561221, -0.0300179, -0.968601, 0.246802, 0.0502535, -0.248064, -0.967439, 0.917735, -1.33366, -0.008118)

[node name="Limb Segment_016" parent="MeshRoot/Robot/Armature/Skeleton3D" index="6"]
transform = Transform3D(0.996809, -0.0612513, 0.05119, -0.0630055, -0.997454, 0.0333866, 0.0490145, -0.0365053, -0.998131, 0.939651, -1.32, -0.112207)

[node name="Limb Segment_015" parent="MeshRoot/Robot/Armature/Skeleton3D" index="7"]
transform = Transform3D(0.998172, -0.038491, 0.0465857, -0.0331869, -0.993409, -0.109711, 0.0505014, 0.107965, -0.992871, 0.933724, -1.32205, -0.14968)

[node name="Limb Segment_014" parent="MeshRoot/Robot/Armature/Skeleton3D" index="8"]
transform = Transform3D(0.997883, -0.0476864, 0.0442204, -0.0393693, -0.984156, -0.17288, 0.0517636, 0.170773, -0.98395, 0.934055, -1.32295, -0.152012)

[node name="Limb Segment_013" parent="MeshRoot/Robot/Armature/Skeleton3D" index="9"]
transform = Transform3D(0.997577, -0.0533153, 0.0446873, -0.0454883, -0.985933, -0.160833, 0.0526334, 0.158411, -0.98597, 0.9331, -1.32378, -0.153972)

[node name="Limb Segment_012" parent="MeshRoot/Robot/Armature/Skeleton3D" index="10"]
transform = Transform3D(0.997719, -0.0188977, 0.0648054, -0.0137691, -0.996804, -0.0786906, 0.0660852, 0.0776189, -0.994791, 0.945223, -1.32772, -0.182204)

[node name="Limb Segment_011" parent="MeshRoot/Robot/Armature/Skeleton3D" index="11"]
transform = Transform3D(0.998496, -0.0426825, 0.0344138, -0.0447222, -0.997144, 0.0608558, 0.0317178, -0.0623032, -0.997554, 0.933053, -1.32818, -0.253903)

[node name="Limb Segment_003" parent="MeshRoot/Robot/Armature/Skeleton3D" index="12"]
transform = Transform3D(0.996995, -0.0112232, 0.0766509, -0.0295892, -0.969601, 0.242896, 0.0715945, -0.244434, -0.967019, 0.953991, -1.30997, -0.374616)

[node name="Left Foot" parent="MeshRoot/Robot/Armature/Skeleton3D" index="13"]
transform = Transform3D(0.999982, -1.57114e-06, 0.00605715, 0.00176242, 0.956804, -0.290729, -0.00579531, 0.290735, 0.956786, 0.925029, -3.75791, -1.30953)

[node name="Foot_005" parent="MeshRoot/Robot/Armature/Skeleton3D" index="14"]
transform = Transform3D(0.999982, -1.57114e-06, 0.00605715, 0.00176242, 0.956804, -0.290729, -0.00579531, 0.290735, 0.956786, 0.940109, -3.11854, -1.41498)

[node name="Foot_006" parent="MeshRoot/Robot/Armature/Skeleton3D" index="15"]
transform = Transform3D(0.999982, -1.57114e-06, 0.00605715, 0.00176242, 0.956804, -0.290729, -0.00579531, 0.290735, 0.956786, 0.943911, -4.19549, -1.08654)

[node name="Foot_007" parent="MeshRoot/Robot/Armature/Skeleton3D" index="16"]
transform = Transform3D(0.999982, -1.57114e-06, 0.00605715, 0.00176242, 0.956804, -0.290729, -0.00579531, 0.290735, 0.956786, 0.936816, -3.85493, -2.20729)

[node name="Left Foot Joint" parent="MeshRoot/Robot/Armature/Skeleton3D" index="17"]
transform = Transform3D(0.999982, -1.57114e-06, 0.00605715, 0.00176242, 0.956804, -0.290729, -0.00579531, 0.290735, 0.956786, 1.36246, -3.39168, -1.48596)

[node name="Right Foot" parent="MeshRoot/Robot/Armature/Skeleton3D" index="18"]
transform = Transform3D(0.999962, 3.62052e-07, -0.00872141, 0.00400236, 0.888474, 0.45891, 0.00774903, -0.458928, 0.88844, -0.916612, -2.55168, 2.8835)

[node name="Foot" parent="MeshRoot/Robot/Armature/Skeleton3D" index="19"]
transform = Transform3D(0.999962, 3.62052e-07, -0.00872141, 0.00400236, 0.888474, 0.45891, 0.00774903, -0.458928, 0.88844, -0.930929, -2.16703, 2.36199)

[node name="Foot_001" parent="MeshRoot/Robot/Armature/Skeleton3D" index="20"]
transform = Transform3D(0.999962, 3.62052e-07, -0.00872141, 0.00400236, 0.888474, 0.45891, 0.00774903, -0.458928, 0.88844, -0.936401, -2.70978, 3.34844)

[node name="Foot_002" parent="MeshRoot/Robot/Armature/Skeleton3D" index="21"]
transform = Transform3D(0.999962, 3.62052e-07, -0.00872141, 0.00400236, 0.888474, 0.45891, 0.00774903, -0.458928, 0.88844, -0.926185, -3.24734, 2.30775)

[node name="Right Foot Joint" parent="MeshRoot/Robot/Armature/Skeleton3D" index="22"]
transform = Transform3D(0.999962, 3.62052e-07, -0.00872141, 0.00400236, 0.888474, 0.45891, 0.00774903, -0.458928, 0.88844, -1.35331, -2.41279, 2.50062)

[node name="Lower Right Leg" parent="MeshRoot/Robot/Armature/Skeleton3D" index="23"]
transform = Transform3D(0.999118, -0.0189231, -0.0375007, 0.0318127, 0.923874, 0.381374, 0.0274292, -0.38223, 0.92366, -0.950983, -1.82988, 1.94052)

[node name="Lower Right Leg Joint" parent="MeshRoot/Robot/Armature/Skeleton3D" index="24"]
transform = Transform3D(0.999118, -0.0189231, -0.0375007, 0.0318127, 0.923874, 0.381374, 0.0274292, -0.38223, 0.92366, -0.975233, -0.976833, 1.50988)

[node name="Lower Right Leg Light" parent="MeshRoot/Robot/Armature/Skeleton3D" index="25"]
transform = Transform3D(0.999118, -0.0189231, -0.0375007, 0.0318127, 0.923874, 0.381374, 0.0274292, -0.38223, 0.92366, -1.23254, -1.76829, 1.69012)

[node name="Right Leg Joint Cutouts" parent="MeshRoot/Robot/Armature/Skeleton3D" index="26"]
transform = Transform3D(0.999118, -0.0189231, -0.0375007, 0.0318127, 0.923874, 0.381374, 0.0274292, -0.38223, 0.92366, -0.961044, -1.1145, 1.5724)

[node name="Limb Segment_010" parent="MeshRoot/Robot/Armature/Skeleton3D" index="27"]
transform = Transform3D(-0.998971, 0.0171149, -0.0419967, -0.0432485, -0.638198, 0.768657, -0.0136468, 0.769682, 0.638282, -0.9888, -0.243787, 0.743896)

[node name="Limb Segment_009" parent="MeshRoot/Robot/Armature/Skeleton3D" index="28"]
transform = Transform3D(-0.999114, -0.0135505, -0.0398519, -0.031708, -0.380399, 0.924279, -0.0276841, 0.924724, 0.379632, -0.967006, -0.427378, 0.634137)

[node name="Limb Segment_008" parent="MeshRoot/Robot/Armature/Skeleton3D" index="29"]
transform = Transform3D(-0.999319, 0.010231, -0.0354554, -0.036562, -0.144346, 0.988852, 0.00499902, 0.989475, 0.144622, -0.978705, -0.543545, 0.602042)

[node name="Limb Segment_007" parent="MeshRoot/Robot/Armature/Skeleton3D" index="30"]
transform = Transform3D(-0.999195, -0.0250391, -0.0313488, -0.0317649, 0.01639, 0.999361, -0.0245094, 0.999552, -0.0171724, -0.969561, -0.58546, 0.600393)

[node name="Limb Segment_006" parent="MeshRoot/Robot/Armature/Skeleton3D" index="31"]
transform = Transform3D(-0.999354, -0.0209295, -0.0292447, -0.0309939, 0.0888051, 0.995567, -0.0182397, 0.995829, -0.0893965, -0.96973, -0.588264, 0.600895)

[node name="Limb Segment_005" parent="MeshRoot/Robot/Armature/Skeleton3D" index="32"]
transform = Transform3D(-0.999457, -0.0143219, -0.0296761, -0.0306651, 0.074638, 0.996739, -0.0120604, 0.997108, -0.0750368, -0.968653, -0.590561, 0.601611)

[node name="Limb Segment_004" parent="MeshRoot/Robot/Armature/Skeleton3D" index="33"]
transform = Transform3D(-0.999168, -0.024864, -0.0323494, -0.0318529, -0.0201197, 0.99929, -0.0254973, 0.999489, 0.0193108, -0.972379, -0.623839, 0.603063)

[node name="Limb Segment_001" parent="MeshRoot/Robot/Armature/Skeleton3D" index="34"]
transform = Transform3D(-0.999073, -0.0234115, -0.0361442, -0.0314589, -0.176395, 0.983817, -0.0294083, 0.984041, 0.175495, -0.97165, -0.703567, 0.595643)

[node name="Limb Segment_002" parent="MeshRoot/Robot/Armature/Skeleton3D" index="35"]
transform = Transform3D(-0.999206, 0.00133896, -0.0398142, -0.0373771, -0.377263, 0.925351, -0.0137815, 0.926105, 0.377014, -0.955211, -0.83717, 0.557623)

[node name="Head_2" parent="MeshRoot/Robot/Armature/Skeleton3D" index="36"]
transform = Transform3D(1, 3.57835e-06, 0.000387767, 0.000236469, 0.786898, -0.617083, -0.000307341, 0.617083, 0.786898, 0.00482482, 4.09973, 1.52035)

[node name="Inner Eye Lights" parent="MeshRoot/Robot/Armature/Skeleton3D" index="37"]
transform = Transform3D(1, 0.000387767, -3.57835e-06, 0.000236469, -0.617083, -0.786898, -0.000307341, 0.786898, -0.617083, 0.00501832, 3.84299, 1.94295)

[node name="Lights 2" parent="MeshRoot/Robot/Armature/Skeleton3D" index="38"]
transform = Transform3D(1, 0.000387767, -3.57835e-06, 0.000236469, -0.617083, -0.786898, -0.000307341, 0.786898, -0.617083, 0.00500974, 3.84557, 1.91764)

[node name="Right Arm_012" parent="MeshRoot/Robot/Armature/Skeleton3D" index="39"]
transform = Transform3D(1, 1.3768e-05, 0.000387533, 8.60442e-05, 0.966578, -0.25637, -0.000378111, 0.25637, 0.966579, -0.0203262, 3.46228, 0.673417)

[node name="Main Body_2" parent="MeshRoot/Robot/Armature/Skeleton3D" index="40"]
transform = Transform3D(0.999587, 2.57424e-05, -0.0287259, -0.0073659, 0.966795, -0.255448, 0.0277655, 0.255554, 0.966396, 0.00471407, 2.51341, 0.448688)

[node name="Reactor Casing" parent="MeshRoot/Robot/Armature/Skeleton3D" index="41"]
transform = Transform3D(0.999587, 2.57424e-05, -0.0287259, -0.0073659, 0.966795, -0.255448, 0.0277655, 0.255554, 0.966396, -0.040391, 2.1839, 1.98511)

[node name="Reactor" parent="MeshRoot/Robot/Armature/Skeleton3D" index="42"]
transform = Transform3D(0.999587, 2.57424e-05, -0.0287259, -0.0073659, 0.966795, -0.255448, 0.0277655, 0.255554, 0.966396, -0.0421835, 2.19392, 2.0523)

[node name="Finger End 1_001" parent="MeshRoot/Robot/Armature/Skeleton3D" index="43"]
transform = Transform3D(0.245684, -0.127817, -0.960886, 0.961867, 0.155082, 0.225306, 0.120218, -0.979599, 0.161044, 3.00189, 4.43451, 5.06279)

[node name="Finger Middle 1_001" parent="MeshRoot/Robot/Armature/Skeleton3D" index="44"]
transform = Transform3D(0.245684, -0.127817, -0.960886, 0.961866, 0.155082, 0.225306, 0.120218, -0.979598, 0.161044, 2.93405, 4.30623, 4.83747)

[node name="Finger Base 1_001" parent="MeshRoot/Robot/Armature/Skeleton3D" index="45"]
transform = Transform3D(0.245684, -0.127817, -0.960886, 0.961866, 0.155081, 0.225306, 0.120217, -0.979598, 0.161044, 2.86396, 4.17297, 4.60402)

[node name="Finger End 2_001" parent="MeshRoot/Robot/Armature/Skeleton3D" index="46"]
transform = Transform3D(0.245684, -0.127817, -0.960886, 0.961866, 0.155081, 0.225306, 0.120217, -0.979598, 0.161044, 2.95843, 4.15038, 5.20099)

[node name="Finger Middle 2_001" parent="MeshRoot/Robot/Armature/Skeleton3D" index="47"]
transform = Transform3D(0.245684, -0.127817, -0.960886, 0.961866, 0.155081, 0.225306, 0.120217, -0.979598, 0.161044, 2.89657, 4.0619, 4.95569)

[node name="Finger Base 2_001" parent="MeshRoot/Robot/Armature/Skeleton3D" index="48"]
transform = Transform3D(0.245684, -0.127817, -0.960886, 0.961866, 0.155082, 0.225306, 0.120218, -0.979598, 0.161044, 2.8355, 3.97276, 4.71006)

[node name="Finger End 3_001" parent="MeshRoot/Robot/Armature/Skeleton3D" index="49"]
transform = Transform3D(0.247391, -0.127389, -0.960505, 0.960987, 0.158818, 0.226452, 0.123698, -0.979055, 0.16171, 2.90081, 3.85034, 5.27878)

[node name="Finger Middle 3_001" parent="MeshRoot/Robot/Armature/Skeleton3D" index="50"]
transform = Transform3D(0.247392, -0.127389, -0.960504, 0.960989, 0.15882, 0.226452, 0.1237, -0.979056, 0.16171, 2.84796, 3.81049, 5.01907)

[node name="Finger Base 3_001" parent="MeshRoot/Robot/Armature/Skeleton3D" index="51"]
transform = Transform3D(0.247392, -0.127389, -0.960505, 0.960987, 0.15882, 0.226452, 0.123699, -0.979055, 0.16171, 2.79003, 3.76509, 4.73193)

[node name="Finger End 4_001" parent="MeshRoot/Robot/Armature/Skeleton3D" index="52"]
transform = Transform3D(0.247392, -0.127389, -0.960505, 0.960987, 0.158818, 0.226452, 0.123698, -0.979055, 0.16171, 2.73026, 3.38158, 4.9203)

[node name="Finger Base 4_001" parent="MeshRoot/Robot/Armature/Skeleton3D" index="53"]
transform = Transform3D(0.247392, -0.127389, -0.960505, 0.960987, 0.158819, 0.226452, 0.123699, -0.979055, 0.16171, 2.72837, 3.57127, 4.61657)

[node name="Left Hand_001" parent="MeshRoot/Robot/Armature/Skeleton3D" index="54"]
transform = Transform3D(0.246685, -0.127949, -0.960612, 0.961974, 0.152278, 0.226752, 0.117268, -0.980021, 0.160648, 2.79748, 3.91008, 4.8129)

[node name="Left Wrist Guard" parent="MeshRoot/Robot/Armature/Skeleton3D" index="55"]
transform = Transform3D(0.246685, -0.127949, -0.960612, 0.961974, 0.152278, 0.226752, 0.117268, -0.980021, 0.160648, 2.57178, 3.76856, 3.87612)

[node name="Left Arm_011" parent="MeshRoot/Robot/Armature/Skeleton3D" index="56"]
transform = Transform3D(0.246685, -0.127949, -0.960612, 0.961974, 0.152279, 0.226752, 0.117268, -0.98002, 0.160648, 2.43011, 3.53115, 3.01954)

[node name="Left Arm_010" parent="MeshRoot/Robot/Armature/Skeleton3D" index="57"]
transform = Transform3D(0.246685, -0.127949, -0.960612, 0.961974, 0.152279, 0.226752, 0.117268, -0.98002, 0.160648, 2.38947, 3.49026, 2.83425)

[node name="Left Arm_009" parent="MeshRoot/Robot/Armature/Skeleton3D" index="58"]
transform = Transform3D(0.246635, -0.128613, -0.960536, 0.962156, 0.15101, 0.226831, 0.115878, -0.98013, 0.16099, 2.34878, 3.44926, 2.64901)

[node name="Left Arm_008" parent="MeshRoot/Robot/Armature/Skeleton3D" index="59"]
transform = Transform3D(0.246139, -0.134893, -0.959802, 0.963766, 0.139111, 0.227604, 0.102816, -0.981046, 0.164245, 2.30751, 3.40707, 2.46419)

[node name="Left Arm_007" parent="MeshRoot/Robot/Armature/Skeleton3D" index="60"]
transform = Transform3D(0.174718, -0.143081, -0.974167, 0.971717, 0.184694, 0.147151, 0.158868, -0.972325, 0.171304, 2.26744, 3.36739, 2.27854)

[node name="Left Arm_006" parent="MeshRoot/Robot/Armature/Skeleton3D" index="61"]
transform = Transform3D(0.244386, -0.141736, -0.959263, 0.965507, 0.12722, 0.227179, 0.0898377, -0.981695, 0.167938, 2.22895, 3.32873, 2.10271)

[node name="Left Arm_005" parent="MeshRoot/Robot/Armature/Skeleton3D" index="62"]
transform = Transform3D(0.247038, -0.123026, -0.961164, 0.960559, 0.161775, 0.226176, 0.127667, -0.979129, 0.158138, 2.18484, 3.2833, 1.90669)

[node name="Left Arm_004" parent="MeshRoot/Robot/Armature/Skeleton3D" index="63"]
transform = Transform3D(0.246685, -0.128658, -0.960517, 0.962115, 0.151262, 0.226835, 0.116106, -0.980085, 0.161098, 2.14458, 3.24325, 1.72108)

[node name="Left Arm_003" parent="MeshRoot/Robot/Armature/Skeleton3D" index="64"]
transform = Transform3D(0.246568, -0.129061, -0.960493, 0.962291, 0.150103, 0.22686, 0.114894, -0.98021, 0.161204, 2.10378, 3.20207, 1.53589)

[node name="Left Arm_002" parent="MeshRoot/Robot/Armature/Skeleton3D" index="65"]
transform = Transform3D(0.246256, -0.128766, -0.960613, 0.96247, 0.149125, 0.226742, 0.114055, -0.980398, 0.160656, 2.06299, 3.16067, 1.35074)

[node name="Left Arm_001" parent="MeshRoot/Robot/Armature/Skeleton3D" index="66"]
transform = Transform3D(0.246023, -0.128608, -0.960694, 0.962618, 0.148288, 0.226664, 0.113309, -0.980546, 0.160283, 2.02225, 3.1191, 1.16561)

[node name="Left Arm" parent="MeshRoot/Robot/Armature/Skeleton3D" index="67"]
transform = Transform3D(0.249083, -0.128483, -0.959922, 0.960196, 0.162139, 0.227452, 0.126417, -0.978368, 0.163755, 1.98148, 3.07878, 0.980388)

[node name="Left Shoulder" parent="MeshRoot/Robot/Armature/Skeleton3D" index="68"]
transform = Transform3D(1, 1.36216e-05, 0.000387535, 8.62787e-05, 0.966579, -0.25637, -0.000378045, 0.25637, 0.966579, 0.00471413, 2.51341, 0.448688)

[node name="Finger End 1" parent="MeshRoot/Robot/Armature/Skeleton3D" index="69"]
transform = Transform3D(0.242862, 0.128983, 0.961447, -0.962447, 0.155962, 0.222192, -0.12129, -0.979305, 0.162016, -2.96441, 4.43291, 5.0697)

[node name="Finger Middle 1" parent="MeshRoot/Robot/Armature/Skeleton3D" index="70"]
transform = Transform3D(0.242862, 0.128983, 0.961447, -0.962447, 0.155961, 0.222192, -0.121289, -0.979305, 0.162016, -2.89679, 4.30472, 4.84426)

[node name="Finger Base 1" parent="MeshRoot/Robot/Armature/Skeleton3D" index="71"]
transform = Transform3D(0.242862, 0.128983, 0.961447, -0.962447, 0.155961, 0.222192, -0.121289, -0.979305, 0.162016, -2.82641, 4.17167, 4.61078)

[node name="Finger End 2" parent="MeshRoot/Robot/Armature/Skeleton3D" index="72"]
transform = Transform3D(0.242862, 0.128983, 0.961447, -0.962447, 0.155961, 0.222192, -0.121289, -0.979305, 0.162016, -2.9219, 4.14848, 5.20756)

[node name="Finger Middle 2" parent="MeshRoot/Robot/Armature/Skeleton3D" index="73"]
transform = Transform3D(0.242862, 0.128983, 0.961447, -0.962447, 0.155961, 0.222192, -0.121289, -0.979305, 0.162016, -2.86014, 4.06013, 4.96219)

[node name="Finger Base 2" parent="MeshRoot/Robot/Armature/Skeleton3D" index="74"]
transform = Transform3D(0.242862, 0.128983, 0.961447, -0.962447, 0.155961, 0.222192, -0.121289, -0.979305, 0.162016, -2.79732, 3.97154, 4.7168)

[node name="Finger End 3" parent="MeshRoot/Robot/Armature/Skeleton3D" index="75"]
transform = Transform3D(0.242862, 0.128983, 0.961447, -0.962447, 0.155961, 0.222192, -0.121289, -0.979305, 0.162016, -2.86405, 3.84119, 5.28568)

[node name="Finger Middle 3" parent="MeshRoot/Robot/Armature/Skeleton3D" index="76"]
transform = Transform3D(0.242862, 0.128983, 0.961447, -0.962447, 0.155961, 0.222192, -0.121289, -0.979305, 0.162016, -2.81131, 3.80249, 5.02577)

[node name="Finger Base 3" parent="MeshRoot/Robot/Armature/Skeleton3D" index="77"]
transform = Transform3D(0.242862, 0.128983, 0.961447, -0.962447, 0.155961, 0.222192, -0.121289, -0.979305, 0.162016, -2.75201, 3.75871, 4.73866)

[node name="Finger End 4" parent="MeshRoot/Robot/Armature/Skeleton3D" index="78"]
transform = Transform3D(0.242862, 0.128983, 0.961447, -0.962447, 0.155961, 0.222193, -0.121289, -0.979305, 0.162016, -2.69519, 3.37366, 4.9248)

[node name="Finger Base 4" parent="MeshRoot/Robot/Armature/Skeleton3D" index="79"]
transform = Transform3D(0.242862, 0.128983, 0.961447, -0.962447, 0.155961, 0.222192, -0.121289, -0.979305, 0.162016, -2.68485, 3.56669, 4.62335)

[node name="Right Hand" parent="MeshRoot/Robot/Armature/Skeleton3D" index="80"]
transform = Transform3D(0.241146, 0.130395, 0.961689, -0.963311, 0.152452, 0.220882, -0.117809, -0.979671, 0.162374, -2.79684, 3.89733, 4.824)

[node name="Right Wrist Guard" parent="MeshRoot/Robot/Armature/Skeleton3D" index="81"]
transform = Transform3D(0.241146, 0.130395, 0.961689, -0.963311, 0.152452, 0.220882, -0.117809, -0.979671, 0.162374, -2.57027, 3.76226, 3.8759)

[node name="Right Arm_011" parent="MeshRoot/Robot/Armature/Skeleton3D" index="82"]
transform = Transform3D(-0.176618, -0.209668, 0.961689, 0.952197, 0.211025, 0.220882, -0.249252, 0.954729, 0.162374, -2.4267, 3.52528, 3.01964)

[node name="Right Arm_010" parent="MeshRoot/Robot/Armature/Skeleton3D" index="83"]
transform = Transform3D(-0.176618, -0.209668, 0.961689, 0.952197, 0.211025, 0.220882, -0.249252, 0.954729, 0.162374, -2.38602, 3.48433, 2.83438)

[node name="Right Arm_009" parent="MeshRoot/Robot/Armature/Skeleton3D" index="84"]
transform = Transform3D(-0.17647, -0.209946, 0.961655, 0.952046, 0.211666, 0.220918, -0.249931, 0.954526, 0.162526, -2.3453, 3.44333, 2.64914)

[node name="Right Arm_007" parent="MeshRoot/Robot/Armature/Skeleton3D" index="85"]
transform = Transform3D(-0.117884, -0.198968, 0.97289, 0.970209, 0.185743, 0.155546, -0.211656, 0.962242, 0.171145, -2.2642, 3.36104, 2.27851)

[node name="Right Arm_008" parent="MeshRoot/Robot/Armature/Skeleton3D" index="86"]
transform = Transform3D(-0.117884, -0.198968, 0.97289, 0.970209, 0.185743, 0.155546, -0.211656, 0.962242, 0.171145, -2.30281, 3.39708, 2.46523)

[node name="Right Arm_006" parent="MeshRoot/Robot/Armature/Skeleton3D" index="87"]
transform = Transform3D(-0.1588, -0.219969, 0.962495, 0.949247, 0.234062, 0.210107, -0.271501, 0.94701, 0.171635, -2.22552, 3.32264, 2.10379)

[node name="Right Arm_005" parent="MeshRoot/Robot/Armature/Skeleton3D" index="88"]
transform = Transform3D(-0.178735, -0.205562, 0.962184, 0.954342, 0.201672, 0.220364, -0.239344, 0.957639, 0.16013, -2.18118, 3.27706, 1.90625)

[node name="Right Arm_004" parent="MeshRoot/Robot/Armature/Skeleton3D" index="89"]
transform = Transform3D(-0.176243, -0.210482, 0.96158, 0.951839, 0.212532, 0.220979, -0.250879, 0.954215, 0.162888, -2.14083, 3.23689, 1.72077)

[node name="Right Arm_003" parent="MeshRoot/Robot/Armature/Skeleton3D" index="90"]
transform = Transform3D(-0.176161, -0.21057, 0.961576, 0.951756, 0.212901, 0.220984, -0.251253, 0.954114, 0.162906, -2.09997, 3.19562, 1.53562)

[node name="Right Arm_002" parent="MeshRoot/Robot/Armature/Skeleton3D" index="91"]
transform = Transform3D(-0.17608, -0.210146, 0.961683, 0.951667, 0.213405, 0.220879, -0.251645, 0.954095, 0.162413, -2.05915, 3.15425, 1.35047)

[node name="Right Arm_001" parent="MeshRoot/Robot/Armature/Skeleton3D" index="92"]
transform = Transform3D(-0.175809, -0.209877, 0.961791, 0.951385, 0.214769, 0.220773, -0.252898, 0.953848, 0.161915, -2.0184, 3.11271, 1.16535)

[node name="Right Arm" parent="MeshRoot/Robot/Armature/Skeleton3D" index="93"]
transform = Transform3D(-0.178071, -0.210938, 0.961143, 0.953604, 0.20397, 0.221439, -0.242754, 0.955981, 0.16483, -1.97758, 3.07209, 0.980103)

[node name="Right Shoulder" parent="MeshRoot/Robot/Armature/Skeleton3D" index="94"]
transform = Transform3D(1, 1.36624e-05, 0.00038753, 8.61282e-05, 0.966579, -0.25637, -0.000378081, 0.25637, 0.966579, 0.00471377, 2.51341, 0.448688)

[node name="Hips" parent="MeshRoot/Robot/Armature/Skeleton3D" index="95"]
transform = Transform3D(0.998041, 4.42389e-05, 0.0625564, 0.00865163, 0.990292, -0.138731, -0.0619553, 0.139, 0.988352, 0.00464276, -0.322942, -0.148072)

[node name="AnimationTree" type="AnimationTree" parent="MeshRoot"]
root_node = NodePath("../Robot")
tree_root = SubResource("AnimationNodeBlendTree_0fiv8")
anim_player = NodePath("../Robot/AnimationPlayer")
parameters/is_gliding/blend_amount = 0.0
parameters/jump/active = false
parameters/jump/internal_active = false
parameters/jump/request = 0
parameters/movement_anim_speed/scale = 1.0
parameters/movement_blend/blend_position = 0.0
parameters/on_floor_blend/blend_amount = 0.0

[node name="Glider" parent="MeshRoot" node_paths=PackedStringArray("player") instance=ExtResource("11_inerc")]
transform = Transform3D(0.2, 0, 0, 0, 0.2, 0, 0, 0, 0.2, 0, 0, 0)
script = ExtResource("12_sntr0")
player = NodePath("../..")

[node name="CamRoot" type="Node3D" parent="." node_paths=PackedStringArray("player")]
transform = Transform3D(1, 0, 0, 0, 1, 0, 0, 0, 1, 0, 0.869557, 0)
script = ExtResource("13_j0ncc")
player = NodePath("..")

[node name="CamYaw" type="Node3D" parent="CamRoot"]

[node name="CamPitch" type="Node3D" parent="CamRoot/CamYaw"]

[node name="SpringArm3D" type="SpringArm3D" parent="CamRoot/CamYaw/CamPitch" node_paths=PackedStringArray("player")]
shape = SubResource("SphereShape3D_fbxo0")
spring_length = -3.0
script = ExtResource("14_jlokr")
player = NodePath("../../../..")

[node name="Camera3D" type="Camera3D" parent="CamRoot/CamYaw/CamPitch/SpringArm3D"]
transform = Transform3D(-1, 0, -8.74228e-08, 0, 1, 0, 8.74228e-08, 0, -1, 0, 0, 0)
current = true

[node name="HurtOverlay" type="TextureRect" parent="."]
modulate = Color(1, 1, 1, 0)
anchors_preset = 15
anchor_right = 1.0
anchor_bottom = 1.0
grow_horizontal = 2
grow_vertical = 2
texture = ExtResource("15_4lvj7")
expand_mode = 1

[node name="SpeedOverlay" type="ColorRect" parent="."]
modulate = Color(1, 1, 1, 0)
material = SubResource("ShaderMaterial_5ddcd")
anchors_preset = 15
anchor_right = 1.0
anchor_bottom = 1.0
grow_horizontal = 2
grow_vertical = 2
color = Color(0, 0, 0, 1)

[node name="HealthBar" type="ProgressBar" parent="." node_paths=PackedStringArray("timer", "damage_bar")]
z_index = 1
offset_left = 8.0
offset_top = 14.0
offset_right = 248.0
offset_bottom = 54.0
theme_override_fonts/font = SubResource("FontVariation_364hi")
theme_override_styles/background = SubResource("StyleBoxEmpty_ai30p")
theme_override_styles/fill = SubResource("StyleBoxFlat_dxccx")
value = 60.0
script = ExtResource("17_ic8d8")
