[gd_scene load_steps=6 format=3 uid="uid://bhdvfievnjoad"]

[ext_resource type="PackedScene" uid="uid://bl6kwhkyn8rve" path="res://Assets/Character/Robot.blend" id="1_01o4b"]
[ext_resource type="Material" uid="uid://c8ryhdqngecwg" path="res://Scenes/Models/Player/Player Material.tres" id="2_4rq6j"]
[ext_resource type="Material" uid="uid://t44bjlwkvkj6" path="res://Scenes/Models/Player/Player Toon Shader.tres" id="3_wigwt"]

[sub_resource type="StandardMaterial3D" id="StandardMaterial3D_yg4ii"]
emission_enabled = true
emission = Color(0.619926, 0.89149, 0.987234, 1)
emission_energy_multiplier = 3.41

[sub_resource type="StandardMaterial3D" id="StandardMaterial3D_i6yo6"]
emission_enabled = true
emission = Color(0.909246, 0.937035, 0.0974056, 1)
emission_energy_multiplier = 16.0

[node name="Robot" instance=ExtResource("1_01o4b")]
transform = Transform3D(100, 0, 0, 0, 100, 0, 0, 0, 100, 0, 0, 0)

[node name="Armature" parent="." index="0"]
transform = Transform3D(0.2, 0, 0, 0, 0.2, 0, 0, 0, 0.2, 0, 1.026, 0.015)

[node name="Skeleton3D" parent="Armature" index="0"]
bones/1/rotation = Quaternion(-5.04041e-07, -2.94083e-07, 0.896632, -0.442776)
bones/1/scale = Vector3(1, 1, 1)
bones/2/rotation = Quaternion(0.31309, 0.634014, 0.634015, 0.31309)
bones/2/scale = Vector3(1, 1, 1)
bones/3/rotation = Quaternion(5.04041e-07, -2.94083e-07, 0.896632, 0.442776)
bones/3/scale = Vector3(1, 1, 1)
bones/4/rotation = Quaternion(-0.31309, 0.634014, 0.634015, -0.31309)
bones/4/scale = Vector3(1, 1, 1)
bones/6/rotation = Quaternion(0.663755, 0.325731, 0.604437, -0.296621)
bones/6/scale = Vector3(1, 1, 1)
bones/7/scale = Vector3(1, 1, 1)
bones/11/rotation = Quaternion(2.50173e-11, -0.00191784, 1.30485e-08, 0.999998)
bones/12/rotation = Quaternion(-2.7032e-11, 0.00191772, -1.40999e-08, 0.999998)
bones/15/rotation = Quaternion(2.41318e-11, -0.00912785, 2.64392e-09, 0.999958)
bones/15/scale = Vector3(1, 1, 1)
bones/16/rotation = Quaternion(0.000685566, 0.00910158, 0.0751118, 0.997133)
bones/16/scale = Vector3(1, 1, 1)
bones/17/rotation = Quaternion(0.707107, -3.68682e-08, 0.707107, 6.58853e-08)
bones/17/scale = Vector3(1, 1, 1)
bones/21/rotation = Quaternion(-0.00627423, -0.700595, 0.00638961, 0.713503)
bones/21/scale = Vector3(1, 1, 1)
bones/22/rotation = Quaternion(9.70555e-05, -0.707107, -9.7431e-05, 0.707106)
bones/22/scale = Vector3(1, 1, 1)
bones/23/rotation = Quaternion(-0.011588, -0.707012, 0.0115876, 0.707011)
bones/23/scale = Vector3(1, 1, 1)
bones/24/rotation = Quaternion(-0.00103319, -0.707106, 0.00103283, 0.707106)
bones/25/rotation = Quaternion(-0.00325701, -0.705742, 0.00326932, 0.708454)
bones/25/scale = Vector3(1, 1, 1)
bones/26/rotation = Quaternion(-0.00545055, -0.707086, 0.0054502, 0.707085)
bones/26/scale = Vector3(1, 1, 1)
bones/27/rotation = Quaternion(0.00533471, -0.700996, -0.00542725, 0.713125)
bones/28/rotation = Quaternion(-0.00554275, -0.713264, 0.00544595, 0.700853)
bones/29/rotation = Quaternion(0.00206216, -0.699771, -0.00210534, 0.714361)
bones/30/rotation = Quaternion(-0.316564, -0.309465, -0.671411, 0.594328)
bones/30/scale = Vector3(1, 1, 1)
bones/31/rotation = Quaternion(5.92255e-05, 0.000705645, 0.0836584, 0.996494)
bones/33/rotation = Quaternion(-0.498484, -0.498483, -0.501512, 0.501512)
bones/33/scale = Vector3(1, 1, 1)
bones/38/rotation = Quaternion(0.000705413, -5.92449e-05, 0.996494, -0.0836587)
bones/39/rotation = Quaternion(0.496456, 0.496455, -0.50352, 0.503519)
bones/39/scale = Vector3(1, 1, 1)
bones/40/rotation = Quaternion(0.663115, -0.325983, -0.604689, -0.297261)
bones/41/rotation = Quaternion(-0.316489, 0.310354, 0.671379, 0.593941)
bones/41/scale = Vector3(1, 1, 1)
bones/42/rotation = Quaternion(5.92629e-05, -0.000705604, -0.0836585, 0.996494)
bones/44/rotation = Quaternion(-0.497815, 0.497815, 0.502176, 0.502175)
bones/49/rotation = Quaternion(-0.000705376, -5.9282e-05, 0.996494, 0.0836592)
bones/49/scale = Vector3(0.999986, 1, 1)
bones/50/rotation = Quaternion(0.496456, -0.496455, 0.50352, 0.503519)
bones/51/rotation = Quaternion(-0.4407, -0.0413133, -0.0203091, 0.896473)
bones/55/rotation = Quaternion(2.50116e-11, 0.00191784, -1.30485e-08, 0.999998)
bones/56/rotation = Quaternion(-2.70358e-11, -0.00191772, 1.40999e-08, 0.999998)
bones/59/rotation = Quaternion(2.41293e-11, 0.00912785, -2.64392e-09, 0.999958)
bones/59/scale = Vector3(1, 1, 1)
bones/60/rotation = Quaternion(0.000685563, -0.00910156, -0.0751118, 0.997133)
bones/60/scale = Vector3(1, 1, 1)
bones/61/rotation = Quaternion(-0.707107, 4.21314e-08, 0.707107, 3.42546e-08)
bones/61/scale = Vector3(1, 1, 1)
bones/65/rotation = Quaternion(-0.00638965, -0.713503, 0.00627399, 0.700595)
bones/65/scale = Vector3(1, 1, 1)
bones/66/rotation = Quaternion(9.7204e-05, -0.707106, -9.7358e-05, 0.707107)
bones/66/scale = Vector3(1, 1, 1)
bones/67/rotation = Quaternion(-0.0115879, -0.707012, 0.0115877, 0.707012)
bones/67/scale = Vector3(1, 1, 1)
bones/68/scale = Vector3(1, 1, 1)
bones/69/rotation = Quaternion(-0.00326942, -0.708454, 0.00325681, 0.705742)
bones/69/scale = Vector3(1, 1, 1)
bones/70/rotation = Quaternion(-0.00545041, -0.707086, 0.00545025, 0.707086)
bones/70/scale = Vector3(1, 1, 1)
bones/71/rotation = Quaternion(-0.000683647, -0.707106, 0.000683501, 0.707107)
bones/71/scale = Vector3(1, 1, 1)
bones/72/rotation = Quaternion(0.000710755, -0.707106, -0.000710913, 0.707107)
bones/72/scale = Vector3(1, 1, 1)
bones/74/rotation = Quaternion(9.51347e-08, 3.91638e-08, 0.00725219, 0.999974)
bones/74/scale = Vector3(1, 1, 1)
bones/75/rotation = Quaternion(-9.42702e-08, 8.00424e-08, -0.00725219, 0.999974)
bones/75/scale = Vector3(1, 1, 1)
bones/79/rotation = Quaternion(0.707107, 0, 0, 0.707107)
bones/80/rotation = Quaternion(0.707107, 0, 0, 0.707107)
bones/82/rotation = Quaternion(-0.000422086, -0.0145583, -5.49257e-09, 0.999894)
bones/82/scale = Vector3(1, 1, 1)
bones/85/rotation = Quaternion(-0.000896317, 0.00168269, -0.717235, 0.696829)
bones/85/scale = Vector3(1, 1, 1)
bones/86/rotation = Quaternion(-0.00494084, 7.14922e-05, 0.297733, 0.954636)
bones/86/scale = Vector3(1, 1, 1)
bones/87/rotation = Quaternion(0.0178554, -0.0067216, -0.740963, 0.671275)
bones/87/scale = Vector3(1, 1, 1)
bones/88/rotation = Quaternion(-0.0143899, -0.00333229, -0.0540613, 0.998428)
bones/88/scale = Vector3(1, 1, 1)
bones/94/rotation = Quaternion(-0.0126537, 0.000662055, 0.0481497, 0.99876)
bones/96/rotation = Quaternion(-0.0163116, -0.0404168, 0.0533323, 0.997625)
bones/96/scale = Vector3(1, 1, 1)
bones/100/rotation = Quaternion(-6.28291e-09, -7.81915e-08, 0.00604859, 0.999982)
bones/100/scale = Vector3(1, 1, 1)
bones/103/rotation = Quaternion(-6.62427e-10, 1.44506e-07, 0.00087978, 1)
bones/104/rotation = Quaternion(0.000760386, 3.47964e-05, 0.94212, 0.335276)
bones/105/rotation = Quaternion(0.000760494, 3.5509e-05, 0.942414, 0.334447)
bones/106/rotation = Quaternion(0.000760149, 4.18072e-05, 0.945144, 0.326653)
bones/106/scale = Vector3(1, 1, 1)
bones/107/rotation = Quaternion(-8.77514e-08, 3.3197e-07, 0.0640607, 0.997946)
bones/108/rotation = Quaternion(1.39102e-08, -8.02659e-08, -0.00846498, 0.999964)
bones/109/rotation = Quaternion(-1.23116e-10, 1.42563e-07, 3.92348e-05, 1)
bones/110/rotation = Quaternion(0.000754386, 0.000100817, 0.967676, 0.252197)
bones/110/scale = Vector3(1, 1, 1)
bones/111/rotation = Quaternion(0.000754519, 0.000100871, 0.967685, 0.252159)
bones/111/scale = Vector3(1, 1, 1)
bones/112/rotation = Quaternion(0.000755268, 9.44694e-05, 0.965516, 0.260342)
bones/112/scale = Vector3(1, 1, 1)
bones/113/rotation = Quaternion(5.14655e-08, 4.24464e-07, -0.0351677, 0.999381)
bones/116/rotation = Quaternion(0.000147673, 0.000533428, 0.988183, 0.15328)
bones/116/scale = Vector3(1, 1, 1)
bones/117/rotation = Quaternion(0.000151508, 0.000532358, 0.987065, 0.160317)
bones/117/scale = Vector3(1, 1, 1)
bones/118/rotation = Quaternion(0.000154238, 0.000531594, 0.986257, 0.165218)
bones/118/scale = Vector3(1, 1, 1)
bones/119/rotation = Quaternion(7.624e-07, 8.13779e-07, -0.396704, 0.917946)
bones/120/rotation = Quaternion(2.39691e-09, -5.35418e-08, -0.0011728, 0.999999)
bones/121/rotation = Quaternion(-5.11265e-05, 0.000551953, 0.978457, -0.206448)
bones/121/scale = Vector3(1, 1, 1)
bones/122/rotation = Quaternion(-5.0533e-05, 0.000552034, 0.978699, -0.2053)
bones/122/scale = Vector3(1, 1, 1)
bones/123/rotation = Quaternion(-5.3952e-07, -1.80473e-07, 0.980485, 0.196593)
bones/123/scale = Vector3(1, 1, 1)
bones/124/rotation = Quaternion(-5.3952e-07, -1.80473e-07, 0.980485, 0.196593)
bones/124/scale = Vector3(1, 1, 1)
bones/125/rotation = Quaternion(-5.90582e-07, -1.99232e-07, 0.981656, 0.190659)
bones/125/scale = Vector3(1, 1, 1)
bones/126/rotation = Quaternion(-5.33184e-07, -1.85001e-07, 0.981656, 0.190659)
bones/126/scale = Vector3(1, 1, 1)
bones/127/rotation = Quaternion(-5.3603e-07, -1.80258e-07, 0.981656, 0.190659)
bones/128/rotation = Quaternion(-6.34698e-07, -2.12515e-07, 0.981656, 0.190659)
bones/128/scale = Vector3(1, 1, 1)
bones/129/rotation = Quaternion(-5.27773e-07, -1.70178e-07, 0.981656, 0.190659)
bones/129/scale = Vector3(1, 1, 1)
bones/130/rotation = Quaternion(1.22148e-08, -7.93223e-08, 0.981656, 0.190658)
bones/130/scale = Vector3(1, 1, 1)
bones/131/rotation = Quaternion(-5.33658e-07, -1.8595e-07, 0.981656, 0.190659)
bones/131/scale = Vector3(1, 1, 1)
bones/132/rotation = Quaternion(1.09103e-08, -6.73595e-08, 0.981656, 0.190658)
bones/132/scale = Vector3(1, 1, 1)
bones/133/rotation = Quaternion(-5.35081e-07, -1.70771e-07, 0.981656, 0.190659)
bones/134/rotation = Quaternion(-6.328e-07, -2.05873e-07, 0.981656, 0.190659)
bones/134/scale = Vector3(1, 1, 1)
bones/135/rotation = Quaternion(-4.12221e-07, -1.59386e-07, 0.981656, 0.190658)
bones/135/scale = Vector3(1, 1, 1)
bones/136/rotation = Quaternion(-5.34132e-07, -1.87848e-07, 0.981656, 0.190659)
bones/136/scale = Vector3(1, 1, 1)
bones/137/rotation = Quaternion(0.0037858, -0.00543953, 0.470836, 0.882196)
bones/137/scale = Vector3(1, 1, 1)
bones/138/rotation = Quaternion(-0.00108472, -0.00157224, 0.707184, 0.707027)
bones/138/scale = Vector3(1, 1, 1)
bones/139/rotation = Quaternion(-0.00484098, -0.000232663, -0.297911, 0.954581)
bones/140/rotation = Quaternion(0.0154957, 0.00889632, 0.74314, 0.668897)
bones/140/scale = Vector3(1, 1, 1)
bones/141/rotation = Quaternion(-0.0146107, 0.000122842, 0.0508492, 0.998599)
bones/147/rotation = Quaternion(-0.0128944, -0.00640975, -0.0538938, 0.998443)
bones/147/scale = Vector3(1, 1, 1)
bones/148/rotation = Quaternion(0.0312352, -0.0266255, 0.113712, 0.992666)
bones/149/rotation = Quaternion(-0.0162229, 0.0331638, -0.0605798, 0.99748)
bones/149/scale = Vector3(1, 1, 1)
bones/153/rotation = Quaternion(-6.09949e-09, 7.80795e-08, -0.0060486, 0.999982)
bones/153/scale = Vector3(1, 1, 1)
bones/154/rotation = Quaternion(-1.56508e-07, -1.89241e-07, -0.133093, 0.991104)
bones/154/scale = Vector3(1, 1, 1)
bones/155/rotation = Quaternion(-1.45058e-08, -2.28915e-08, -0.00825755, 0.999966)
bones/156/rotation = Quaternion(-6.41562e-10, -1.4453e-07, -0.00087978, 1)
bones/157/rotation = Quaternion(0.000689734, -3.25421e-05, 0.941954, -0.33574)
bones/157/scale = Vector3(1, 1, 1)
bones/158/rotation = Quaternion(0.000689576, -3.30878e-05, 0.942249, -0.334911)
bones/158/scale = Vector3(0.999999, 1, 1)
bones/159/rotation = Quaternion(0.000689255, -3.87533e-05, 0.944983, -0.327119)
bones/159/scale = Vector3(0.999999, 1, 1)
bones/160/rotation = Quaternion(-8.27382e-08, -3.3349e-07, -0.0640607, 0.997946)
bones/163/rotation = Quaternion(0.000684377, -9.21667e-05, 0.967551, -0.252674)
bones/163/scale = Vector3(0.999999, 1, 1)
bones/164/rotation = Quaternion(0.000684244, -9.21754e-05, 0.967561, -0.252636)
bones/164/scale = Vector3(0.999999, 1, 1)
bones/165/rotation = Quaternion(0.000685078, -8.63852e-05, 0.965388, -0.260817)
bones/165/scale = Vector3(0.999999, 1, 1)
bones/166/rotation = Quaternion(4.92962e-08, -4.23882e-07, 0.0351676, 0.999381)
bones/167/rotation = Quaternion(1.06161e-08, -8.55839e-08, 0.00496715, 0.999988)
bones/168/rotation = Quaternion(1.42861e-08, -3.03825e-08, 0.00712437, 0.999975)
bones/169/rotation = Quaternion(0.0006715, -0.00016186, 0.988394, -0.151907)
bones/169/scale = Vector3(0.999999, 1, 1)
bones/170/rotation = Quaternion(0.000672586, -0.000157076, 0.987287, -0.158945)
bones/170/scale = Vector3(0.999999, 1, 1)
bones/171/rotation = Quaternion(0.000673283, -0.000153722, 0.986485, -0.163847)
bones/171/scale = Vector3(0.999999, 1, 1)
bones/172/rotation = Quaternion(7.5165e-07, -8.11006e-07, 0.396704, 0.917946)
bones/173/rotation = Quaternion(1.22299e-10, 5.35334e-08, 0.00117277, 0.999999)
bones/174/rotation = Quaternion(0.000571128, -0.000388265, 0.97817, 0.207807)
bones/174/scale = Vector3(0.999999, 1, 1)
bones/175/rotation = Quaternion(0.000571639, -0.00038759, 0.978413, 0.20666)
bones/175/scale = Vector3(0.999999, 1, 1)
bones/176/rotation = Quaternion(5.20523e-07, -1.74774e-07, 0.980485, -0.196593)
bones/176/scale = Vector3(1, 1, 1)
bones/177/rotation = Quaternion(5.20523e-07, -1.74774e-07, 0.980485, -0.196593)
bones/177/scale = Vector3(1, 1, 1)
bones/178/rotation = Quaternion(-7.91631e-08, 5.4576e-07, 0.00430813, 0.999991)
bones/179/rotation = Quaternion(-8.19572e-08, 5.96983e-07, 0.00430815, 0.999991)
bones/180/rotation = Quaternion(-7.35752e-08, 5.95121e-07, 0.00430815, 0.999991)
bones/181/rotation = Quaternion(-7.89303e-08, 5.36098e-07, 0.00430815, 0.999991)
bones/182/rotation = Quaternion(-7.89303e-08, 5.36098e-07, 0.00430815, 0.999991)
bones/183/rotation = Quaternion(-6.91004e-08, -1.30532e-08, 0.00430758, 0.999991)
bones/183/scale = Vector3(1, 1, 1)
bones/184/rotation = Quaternion(-7.07812e-08, 5.41103e-07, 0.00430812, 0.999991)
bones/185/rotation = Quaternion(-7.54378e-08, -7.45065e-09, 0.00430753, 0.999991)
bones/185/scale = Vector3(1, 1, 1)
bones/186/rotation = Quaternion(-6.98498e-08, 5.44829e-07, 0.00430814, 0.999991)
bones/187/rotation = Quaternion(-6.70559e-08, 6.47275e-07, 0.00430821, 0.999991)
bones/188/rotation = Quaternion(-8.00945e-08, 5.37378e-07, 0.00430813, 0.999991)
bones/189/rotation = Quaternion(-7.73005e-08, 5.40172e-07, 0.00430812, 0.999991)
bones/190/rotation = Quaternion(0.00378579, 0.00543955, -0.470836, 0.882196)
bones/192/rotation = Quaternion(-0.000631359, 0.0312935, -4.18973e-05, 0.99951)
bones/192/scale = Vector3(1, 1, 1)

[node name="Lower Left Leg" parent="Armature/Skeleton3D" index="0"]
transform = Transform3D(1, 7.54954e-08, -8.94069e-08, -2.0714e-07, 0.988715, -0.149805, -3.75021e-08, 0.149805, 0.988715, 0.943304, -3.57423, -0.112719)

[node name="Lower Left Leg" parent="Armature/Skeleton3D/Lower Left Leg" index="0"]
material_override = ExtResource("3_wigwt")

[node name="Left Leg Joint Cutouts" parent="Armature/Skeleton3D" index="1"]
transform = Transform3D(1, 7.54954e-08, -8.94069e-08, -2.0714e-07, 0.988715, -0.149805, -3.75021e-08, 0.149805, 0.988715, 0.940695, -2.77144, -0.058662)

[node name="Left Leg Joint Cutouts" parent="Armature/Skeleton3D/Left Leg Joint Cutouts" index="0"]
material_override = ExtResource("3_wigwt")

[node name="Lower Left Leg Joint" parent="Armature/Skeleton3D" index="2"]
transform = Transform3D(1, 7.54954e-08, -8.94069e-08, -2.0714e-07, 0.988715, -0.149805, -3.75021e-08, 0.149805, 0.988715, 0.952208, -2.6211, -0.0406433)

[node name="Lower Left Leg Joint" parent="Armature/Skeleton3D/Lower Left Leg Joint" index="0"]
surface_material_override/0 = ExtResource("3_wigwt")
surface_material_override/1 = SubResource("StandardMaterial3D_yg4ii")

[node name="Lower Left Leg Light" parent="Armature/Skeleton3D" index="3"]
transform = Transform3D(1, 7.54954e-08, -8.94069e-08, -2.0714e-07, 0.988715, -0.149805, -3.75021e-08, 0.149805, 0.988715, 1.22953, -3.38852, -0.284062)

[node name="Lower Left Leg Light" parent="Armature/Skeleton3D/Lower Left Leg Light" index="0"]
surface_material_override/0 = ExtResource("3_wigwt")
surface_material_override/1 = SubResource("StandardMaterial3D_i6yo6")

[node name="Limb Segment_018" parent="Armature/Skeleton3D" index="4"]
transform = Transform3D(0.99984, -0.0179094, -1.9744e-07, -0.0179095, -0.999839, -2.20422e-07, -3.07336e-07, 2.32336e-07, -1, 0.963423, -1.54742, -0.0164472)

[node name="Limb Segment_018" parent="Armature/Skeleton3D/Limb Segment_018" index="0"]
material_override = ExtResource("3_wigwt")

[node name="Limb Segment_017" parent="Armature/Skeleton3D" index="5"]
transform = Transform3D(1, 0.000275016, -1.31145e-07, 0.000274896, -1, -4.6928e-07, -2.46613e-07, 4.76667e-07, -1, 0.950512, -1.548, -0.0164473)

[node name="Limb Segment_017" parent="Armature/Skeleton3D/Limb Segment_017" index="0"]
material_override = ExtResource("3_wigwt")

[node name="Limb Segment_016" parent="Armature/Skeleton3D" index="6"]
transform = Transform3D(0.999463, -0.0327708, -3.69563e-07, -0.0327709, -0.999463, -4.56677e-07, -4.87427e-07, 4.78425e-07, -1, 0.966752, -1.5486, -0.0164472)

[node name="Limb Segment_016" parent="Armature/Skeleton3D/Limb Segment_016" index="0"]
material_override = ExtResource("3_wigwt")

[node name="Limb Segment_015" parent="Armature/Skeleton3D" index="7"]
transform = Transform3D(0.999996, -0.00292182, 1.078e-07, -0.00292194, -0.999996, -4.63289e-07, -7.7909e-09, 4.70882e-07, -1, 0.959017, -1.54932, -0.0164472)

[node name="Limb Segment_015" parent="Armature/Skeleton3D/Limb Segment_015" index="0"]
material_override = ExtResource("3_wigwt")

[node name="Limb Segment_014" parent="Armature/Skeleton3D" index="8"]
transform = Transform3D(0.999958, -0.00922957, -6.26314e-08, -0.00922968, -0.999958, -2.19139e-07, -1.94414e-07, 2.28156e-07, -1, 0.959258, -1.54981, -0.0164472)

[node name="Limb Segment_014" parent="Armature/Skeleton3D/Limb Segment_014" index="0"]
material_override = ExtResource("3_wigwt")

[node name="Limb Segment_013" parent="Armature/Skeleton3D" index="9"]
transform = Transform3D(0.999881, -0.0154156, -1.31377e-07, -0.0154157, -0.999881, -4.51058e-07, -2.47523e-07, 4.62494e-07, -1, 0.958231, -1.55035, -0.0164473)

[node name="Limb Segment_013" parent="Armature/Skeleton3D/Limb Segment_013" index="0"]
material_override = ExtResource("3_wigwt")

[node name="Limb Segment_012" parent="Armature/Skeleton3D" index="10"]
transform = Transform3D(0.999737, 0.0152176, 0.0171529, 0.0152197, -0.999884, -2.66779e-07, 0.0171508, 0.000261335, -0.999853, 0.969035, -1.55056, -0.0161713)

[node name="Limb Segment_012" parent="Armature/Skeleton3D/Limb Segment_012" index="0"]
material_override = ExtResource("3_wigwt")

[node name="Limb Segment_011" parent="Armature/Skeleton3D" index="11"]
transform = Transform3D(0.999726, -0.0155381, -0.0175511, -0.0155406, -0.999879, -4.43428e-07, -0.0175492, 0.000273208, -0.999846, 0.953302, -1.55098, -0.0164537)

[node name="Limb Segment_011" parent="Armature/Skeleton3D/Limb Segment_011" index="0"]
material_override = ExtResource("3_wigwt")

[node name="Limb Segment_003" parent="Armature/Skeleton3D" index="12"]
transform = Transform3D(0.99977, 0.00589268, 0.0206317, 0.00589382, -0.999983, -2.34347e-07, 0.0206313, 0.000121841, -0.999787, 0.967595, -1.55127, -0.0161451)

[node name="Limb Segment_003" parent="Armature/Skeleton3D/Limb Segment_003" index="0"]
material_override = ExtResource("3_wigwt")

[node name="Left Foot" parent="Armature/Skeleton3D" index="13"]
transform = Transform3D(0.999982, -5.48782e-07, 0.00605682, 3.14721e-07, 1, -2.25664e-07, -0.00605698, 1.77122e-07, 0.999982, 0.925025, -4.63847, 0.342217)

[node name="Left Foot" parent="Armature/Skeleton3D/Left Foot" index="0"]
material_override = ExtResource("3_wigwt")

[node name="Foot_005" parent="Armature/Skeleton3D" index="14"]
transform = Transform3D(0.999982, -5.48782e-07, 0.00605682, 3.14721e-07, 1, -2.25664e-07, -0.00605698, 1.77122e-07, 0.999982, 0.940106, -4.05737, 0.0554355)

[node name="Foot_005" parent="Armature/Skeleton3D/Foot_005" index="0"]
transform = Transform3D(1, 5.65206e-14, -4.65661e-10, 4.4964e-15, 1, -1.42109e-14, 0, -9.69006e-19, 1, 0.00855339, 0.00256896, -0.0261476)
material_override = ExtResource("3_wigwt")

[node name="Foot_006" parent="Armature/Skeleton3D" index="15"]
transform = Transform3D(0.999982, -5.48782e-07, 0.00605682, 3.14721e-07, 1, -2.25664e-07, -0.00605698, 1.77122e-07, 0.999982, 0.943907, -4.99231, 0.682795)

[node name="Foot_007" parent="Armature/Skeleton3D" index="16"]
transform = Transform3D(0.999982, -5.48782e-07, 0.00605682, 3.14721e-07, 1, -2.25664e-07, -0.00605698, 1.77122e-07, 0.999982, 0.936812, -4.99231, -0.488551)

[node name="Left Foot Joint" parent="Armature/Skeleton3D" index="17"]
transform = Transform3D(0.999982, -5.48782e-07, 0.00605682, 3.14721e-07, 1, -2.25664e-07, -0.00605698, 1.77122e-07, 0.999982, 1.36246, -4.33935, 0.0669378)

[node name="Left Foot Joint" parent="Armature/Skeleton3D/Left Foot Joint" index="0"]
surface_material_override/0 = ExtResource("3_wigwt")
surface_material_override/1 = SubResource("StandardMaterial3D_yg4ii")

[node name="Right Foot" parent="Armature/Skeleton3D" index="18"]
transform = Transform3D(0.999962, -1.85566e-07, -0.00872106, 3.12906e-07, 1, 3.57152e-07, 0.00872107, -2.55158e-07, 0.999962, -0.916609, -4.63847, 0.342352)

[node name="Right Foot" parent="Armature/Skeleton3D/Right Foot" index="0"]
material_override = ExtResource("3_wigwt")

[node name="Foot" parent="Armature/Skeleton3D" index="19"]
transform = Transform3D(0.999962, -1.85566e-07, -0.00872106, 3.12906e-07, 1, 3.57152e-07, 0.00872107, -2.55158e-07, 0.999962, -0.930927, -4.05737, 0.0555312)

[node name="Foot" parent="Armature/Skeleton3D/Foot" index="0"]
material_override = ExtResource("3_wigwt")

[node name="Foot_001" parent="Armature/Skeleton3D" index="20"]
transform = Transform3D(0.999962, -1.85566e-07, -0.00872106, 3.12906e-07, 1, 3.57152e-07, 0.00872107, -2.55158e-07, 0.999962, -0.936398, -4.99231, 0.682878)

[node name="Foot_002" parent="Armature/Skeleton3D" index="21"]
transform = Transform3D(0.999962, -1.85566e-07, -0.00872106, 3.12906e-07, 1, 3.57152e-07, 0.00872107, -2.55158e-07, 0.999962, -0.926183, -4.99231, -0.488444)

[node name="Right Foot Joint" parent="Armature/Skeleton3D" index="22"]
transform = Transform3D(0.999962, -1.85566e-07, -0.00872106, 3.12906e-07, 1, 3.57152e-07, 0.00872107, -2.55158e-07, 0.999962, -1.35331, -4.33935, 0.0659085)

[node name="Right Foot Joint" parent="Armature/Skeleton3D/Right Foot Joint" index="0"]
surface_material_override/0 = ExtResource("3_wigwt")
surface_material_override/1 = SubResource("StandardMaterial3D_yg4ii")

[node name="Lower Right Leg" parent="Armature/Skeleton3D" index="23"]
transform = Transform3D(1, -3.44225e-08, -1.99303e-07, 1.3039e-08, 0.988715, -0.149806, 1.67651e-07, 0.149806, 0.988715, -0.933934, -3.57422, -0.112719)

[node name="Lower Right Leg" parent="Armature/Skeleton3D/Lower Right Leg" index="0"]
material_override = ExtResource("3_wigwt")

[node name="Lower Right Leg Joint" parent="Armature/Skeleton3D" index="24"]
transform = Transform3D(1, -3.44225e-08, -1.99303e-07, 1.3039e-08, 0.988715, -0.149806, 1.67651e-07, 0.149806, 0.988715, -0.942838, -2.6211, -0.0406432)

[node name="Lower Right Leg Joint" parent="Armature/Skeleton3D/Lower Right Leg Joint" index="0"]
surface_material_override/0 = ExtResource("3_wigwt")
surface_material_override/1 = SubResource("StandardMaterial3D_yg4ii")

[node name="Lower Right Leg Light" parent="Armature/Skeleton3D" index="25"]
transform = Transform3D(1, -3.44225e-08, -1.99303e-07, 1.3039e-08, 0.988715, -0.149806, 1.67651e-07, 0.149806, 0.988715, -1.22015, -3.38852, -0.284062)

[node name="Lower Right Leg Light" parent="Armature/Skeleton3D/Lower Right Leg Light" index="0"]
surface_material_override/0 = ExtResource("3_wigwt")
surface_material_override/1 = SubResource("StandardMaterial3D_i6yo6")

[node name="Right Leg Joint Cutouts" parent="Armature/Skeleton3D" index="26"]
transform = Transform3D(1, -3.44225e-08, -1.99303e-07, 1.3039e-08, 0.988715, -0.149806, 1.67651e-07, 0.149806, 0.988715, -0.931325, -2.77144, -0.0586619)

[node name="Right Leg Joint Cutouts" parent="Armature/Skeleton3D/Right Leg Joint Cutouts" index="0"]
material_override = ExtResource("3_wigwt")

[node name="Limb Segment_010" parent="Armature/Skeleton3D" index="27"]
transform = Transform3D(-0.99984, 0.0179091, 8.3819e-08, -0.0179091, -0.999839, -1.94948e-07, 1.86265e-09, -1.80793e-07, 1, -0.954083, -1.54669, -0.0144894)

[node name="Limb Segment_010" parent="Armature/Skeleton3D/Limb Segment_010" index="0"]
material_override = ExtResource("3_wigwt")

[node name="Limb Segment_009" parent="Armature/Skeleton3D" index="28"]
transform = Transform3D(-1, -0.000275152, -1.49771e-07, 0.000275152, -1, -3.02e-07, -1.75829e-07, -2.8716e-07, 1, -0.941159, -1.54744, -0.0144894)

[node name="Limb Segment_009" parent="Armature/Skeleton3D/Limb Segment_009" index="0"]
material_override = ExtResource("3_wigwt")

[node name="Limb Segment_008" parent="Armature/Skeleton3D" index="29"]
transform = Transform3D(-0.999463, 0.0327708, -3.05618e-08, -0.0327707, -0.999463, -3.64749e-07, -1.19118e-07, -3.47085e-07, 1, -0.957423, -1.54772, -0.0144895)

[node name="Limb Segment_008" parent="Armature/Skeleton3D/Limb Segment_008" index="0"]
material_override = ExtResource("3_wigwt")

[node name="Limb Segment_007" parent="Armature/Skeleton3D" index="30"]
transform = Transform3D(-0.999996, 0.00292172, -3.05009e-08, -0.00292172, -0.999995, -2.78858e-07, -5.67288e-08, -2.63846e-07, 1, -0.949667, -1.54872, -0.0144894)

[node name="Limb Segment_007" parent="Armature/Skeleton3D/Limb Segment_007" index="0"]
material_override = ExtResource("3_wigwt")

[node name="Limb Segment_006" parent="Armature/Skeleton3D" index="31"]
transform = Transform3D(-0.999958, 0.0092294, 1.56695e-07, -0.0092294, -0.999957, -2.29293e-07, 1.73924e-07, -2.15314e-07, 1, -0.949911, -1.54915, -0.0144896)

[node name="Limb Segment_006" parent="Armature/Skeleton3D/Limb Segment_006" index="0"]
material_override = ExtResource("3_wigwt")

[node name="Limb Segment_005" parent="Armature/Skeleton3D" index="32"]
transform = Transform3D(-0.999881, 0.0154154, 2.88101e-08, -0.0154154, -0.999881, -3.0145e-07, 1.8411e-09, -2.85528e-07, 1, -0.948889, -1.54963, -0.0144896)

[node name="Limb Segment_005" parent="Armature/Skeleton3D/Limb Segment_005" index="0"]
material_override = ExtResource("3_wigwt")

[node name="Limb Segment_004" parent="Armature/Skeleton3D" index="33"]
transform = Transform3D(-0.999998, 0.00193344, -2.69213e-07, -0.00193344, -0.999998, -2.96094e-07, -2.95434e-07, -2.80613e-07, 1, -0.95363, -1.5502, -0.0144893)

[node name="Limb Segment_004" parent="Armature/Skeleton3D/Limb Segment_004" index="0"]
material_override = ExtResource("3_wigwt")

[node name="Limb Segment_001" parent="Armature/Skeleton3D" index="34"]
transform = Transform3D(-0.999998, -0.00201054, 2.88102e-08, 0.00201054, -0.999998, -3.14974e-07, 2.8885e-09, -3.0015e-07, 1, -0.955641, -1.5505, -0.0144895)

[node name="Limb Segment_001" parent="Armature/Skeleton3D/Limb Segment_001" index="0"]
material_override = ExtResource("3_wigwt")

[node name="Limb Segment_002" parent="Armature/Skeleton3D" index="35"]
transform = Transform3D(-0.999892, 0.0147387, -1.2666e-07, -0.0147387, -0.999891, -3.2736e-07, -1.53547e-07, -3.10658e-07, 1, -0.94451, -1.55072, -0.0144894)

[node name="Limb Segment_002" parent="Armature/Skeleton3D/Limb Segment_002" index="0"]
material_override = ExtResource("3_wigwt")

[node name="Head_2" parent="Armature/Skeleton3D" index="36"]
transform = Transform3D(1, -1.39369e-09, 2.24745e-10, -6.05688e-09, 1, 2.98024e-08, -2.24674e-10, -2.98024e-08, 1, 0.00468184, 4.36676, 0.258839)

[node name="Head_2" parent="Armature/Skeleton3D/Head_2" index="0"]
transform = Transform3D(1, 1.81899e-12, -8.73115e-11, 3.63843e-12, 1, -1.49012e-08, -5.82077e-11, 0, 1, -0.0443553, -0.0147696, 0.000644565)
material_override = ExtResource("3_wigwt")

[node name="Inner Eye Lights" parent="Armature/Skeleton3D" index="37"]
transform = Transform3D(1, 2.24745e-10, 1.39369e-09, -6.05688e-09, 2.98024e-08, -1, -2.24674e-10, 1, 2.98024e-08, 0.00468476, 4.42552, 0.749813)

[node name="Inner Eye Lights" parent="Armature/Skeleton3D/Inner Eye Lights" index="0"]
surface_material_override/0 = SubResource("StandardMaterial3D_i6yo6")

[node name="Lights 2" parent="Armature/Skeleton3D" index="38"]
transform = Transform3D(1, 2.24745e-10, 1.39369e-09, -6.05688e-09, 2.98024e-08, -1, -2.24674e-10, 1, 2.98024e-08, 0.00468456, 4.41193, 0.72831)

[node name="Lights 2" parent="Armature/Skeleton3D/Lights 2" index="0"]
surface_material_override/0 = SubResource("StandardMaterial3D_yg4ii")

[node name="Right Arm_012" parent="Armature/Skeleton3D" index="39"]
transform = Transform3D(1, -1.37743e-09, 2.40234e-10, -6.07313e-09, 1, 4.47023e-08, -2.40163e-10, -4.47023e-08, 1, -0.0203595, 3.34207, -0.0144375)

[node name="Right Arm_012" parent="Armature/Skeleton3D/Right Arm_012" index="0"]
material_override = ExtResource("3_wigwt")

[node name="Main Body_2" parent="Armature/Skeleton3D" index="40"]
transform = Transform3D(0.999576, 1.23005e-05, -0.0291134, 1.22713e-05, 0.999999, 0.000844082, 0.0291134, -0.000844082, 0.999575, 0.00468407, 2.3673, 0.0116157)

[node name="Main Body_2" parent="Armature/Skeleton3D/Main Body_2" index="0"]
transform = Transform3D(1, 0, -1.86265e-09, 2.32831e-10, 1, 7.45058e-09, 1.86265e-09, 7.45058e-09, 1, 0, 0, 0)
material_override = ExtResource("3_wigwt")

[node name="Reactor Casing" parent="Armature/Skeleton3D" index="41"]
transform = Transform3D(0.999576, 1.23005e-05, -0.0291134, 1.22713e-05, 0.999999, 0.000844082, 0.0291134, -0.000844082, 0.999575, -0.0410304, 2.4427, 1.58114)

[node name="Reactor Casing" parent="Armature/Skeleton3D/Reactor Casing" index="0"]
surface_material_override/0 = ExtResource("3_wigwt")
surface_material_override/1 = SubResource("StandardMaterial3D_yg4ii")

[node name="Reactor" parent="Armature/Skeleton3D" index="42"]
transform = Transform3D(0.999576, 1.23005e-05, -0.0291134, 1.22713e-05, 0.999999, 0.000844082, 0.0291134, -0.000844082, 0.999575, -0.0428474, 2.46961, 1.64352)

[node name="Finger End 1_001" parent="Armature/Skeleton3D" index="43"]
transform = Transform3D(0.999995, 0.00277907, -0.00141238, -0.00277978, 0.999997, -0.000572757, 0.00141076, 0.000576684, 0.999998, 4.1359, -1.52574, -0.032665)

[node name="Finger End 1_001" parent="Armature/Skeleton3D/Finger End 1_001" index="0"]
material_override = ExtResource("3_wigwt")

[node name="Finger Middle 1_001" parent="Armature/Skeleton3D" index="44"]
transform = Transform3D(0.999995, 0.00277904, -0.00141238, -0.00277972, 0.999996, -0.000572748, 0.00141077, 0.000576676, 0.999998, 3.96934, -1.31577, -0.0327794)

[node name="Finger Middle 1_001" parent="Armature/Skeleton3D/Finger Middle 1_001" index="0"]
material_override = ExtResource("3_wigwt")

[node name="Finger Base 1_001" parent="Armature/Skeleton3D" index="45"]
transform = Transform3D(0.999995, 0.00277901, -0.0014123, -0.00277969, 0.999996, -0.000572722, 0.00141069, 0.000576649, 0.999998, 3.79648, -1.09831, -0.0331724)

[node name="Finger Base 1_001" parent="Armature/Skeleton3D/Finger Base 1_001" index="0"]
material_override = ExtResource("3_wigwt")

[node name="Finger End 2_001" parent="Armature/Skeleton3D" index="46"]
transform = Transform3D(0.999995, 0.00277916, -0.00141235, -0.00278005, 0.999997, -0.000572727, 0.00141074, 0.000576654, 0.999998, 3.86806, -1.69888, -0.0331414)

[node name="Finger End 2_001" parent="Armature/Skeleton3D/Finger End 2_001" index="0"]
material_override = ExtResource("3_wigwt")

[node name="Finger Middle 2_001" parent="Armature/Skeleton3D" index="47"]
transform = Transform3D(0.999995, 0.0027791, -0.00141235, -0.00277996, 0.999996, -0.000572705, 0.00141074, 0.000576632, 0.999998, 3.73892, -1.46404, -0.0331895)

[node name="Finger Middle 2_001" parent="Armature/Skeleton3D/Finger Middle 2_001" index="0"]
transform = Transform3D(1, 0, 2.98023e-08, 0, 1, 2.23517e-08, -4.47035e-08, -1.49012e-08, 1, 0, 0, 0)
material_override = ExtResource("3_wigwt")

[node name="Finger Base 2_001" parent="Armature/Skeleton3D" index="48"]
transform = Transform3D(0.999995, 0.00277951, -0.00141233, -0.00278026, 0.999997, -0.000572746, 0.00141072, 0.000576674, 0.999998, 3.6093, -1.22908, -0.0341979)

[node name="Finger Base 2_001" parent="Armature/Skeleton3D/Finger Base 2_001" index="0"]
material_override = ExtResource("3_wigwt")

[node name="Finger End 3_001" parent="Armature/Skeleton3D" index="49"]
transform = Transform3D(0.99998, 0.00654357, -0.00013755, -0.00654358, 0.999979, -0.00109942, 0.000130339, 0.0011003, 0.999999, 3.57433, -1.81343, -0.0333237)

[node name="Finger End 3_001" parent="Armature/Skeleton3D/Finger End 3_001" index="0"]
material_override = ExtResource("3_wigwt")

[node name="Finger Middle 3_001" parent="Armature/Skeleton3D" index="50"]
transform = Transform3D(0.99998, 0.00654366, -0.00013756, -0.00654361, 0.999978, -0.00109943, 0.000130348, 0.00110031, 0.999999, 3.49251, -1.55821, -0.0333207)

[node name="Finger Middle 3_001" parent="Armature/Skeleton3D/Finger Middle 3_001" index="0"]
material_override = ExtResource("3_wigwt")

[node name="Finger Base 3_001" parent="Armature/Skeleton3D" index="51"]
transform = Transform3D(0.99998, 0.00654369, -0.000137567, -0.0065437, 0.999978, -0.00109941, 0.000130355, 0.0011003, 0.999999, 3.40087, -1.27631, -0.0340921)

[node name="Finger Base 3_001" parent="Armature/Skeleton3D/Finger Base 3_001" index="0"]
material_override = ExtResource("3_wigwt")

[node name="Finger End 4_001" parent="Armature/Skeleton3D" index="52"]
transform = Transform3D(0.999979, 0.00654351, -0.000137525, -0.00654346, 0.999978, -0.0010994, 0.000130314, 0.00110029, 0.999999, 3.03929, -1.51168, -0.0333795)

[node name="Finger End 4_001" parent="Armature/Skeleton3D/Finger End 4_001" index="0"]
material_override = ExtResource("3_wigwt")

[node name="Finger Base 4_001" parent="Armature/Skeleton3D" index="53"]
transform = Transform3D(0.999979, 0.00654354, -0.000137529, -0.00654355, 0.999979, -0.00109943, 0.000130317, 0.00110031, 0.999999, 3.18568, -1.18489, -0.0373407)

[node name="Finger Base 4_001" parent="Armature/Skeleton3D/Finger Base 4_001" index="0"]
material_override = ExtResource("3_wigwt")

[node name="Left Hand_001" parent="Armature/Skeleton3D" index="54"]
transform = Transform3D(0.999999, 5.45691e-13, 2.29612e-08, 1.78814e-07, 1, 3.10022e-08, -3.71739e-08, -2.72805e-08, 0.999999, 3.55168, -1.33455, 0.0046361)

[node name="Left Hand_001" parent="Armature/Skeleton3D/Left Hand_001" index="0"]
material_override = ExtResource("2_4rq6j")

[node name="Left Wrist Guard" parent="Armature/Skeleton3D" index="55"]
transform = Transform3D(0.999999, 5.45691e-13, 2.29612e-08, 1.78814e-07, 1, 3.10022e-08, -3.71739e-08, -2.72805e-08, 0.999999, 3.25001, -0.409153, 0.0388634)

[node name="Left Wrist Guard" parent="Armature/Skeleton3D/Left Wrist Guard" index="0"]
material_override = ExtResource("3_wigwt")

[node name="Left Arm_011" parent="Armature/Skeleton3D" index="56"]
transform = Transform3D(0.999999, 1.1921e-07, -2.99667e-08, 2.08617e-07, 1, 3.35326e-08, 1.57543e-08, -2.98108e-08, 0.999999, 2.88623, 0.412286, -0.0164892)

[node name="Left Arm_011" parent="Armature/Skeleton3D/Left Arm_011" index="0"]
transform = Transform3D(1, 0, 0, 0, 1, 1.49012e-08, 7.45058e-09, 1.49012e-08, 1, 0, 0, 0)
material_override = ExtResource("3_wigwt")

[node name="Left Arm_010" parent="Armature/Skeleton3D" index="57"]
transform = Transform3D(0.999999, 8.94075e-08, -3.36075e-08, 2.38419e-07, 0.999999, 2.55355e-08, 1.93951e-08, -2.18138e-08, 0.999999, 2.81514, 0.592847, -0.0164891)

[node name="Left Arm_010" parent="Armature/Skeleton3D/Left Arm_010" index="0"]
material_override = ExtResource("3_wigwt")

[node name="Left Arm_009" parent="Armature/Skeleton3D" index="58"]
transform = Transform3D(0.999999, -1.49011e-07, -2.62113e-08, 4.17233e-07, 0.999999, 1.73076e-08, 1.19987e-08, -1.3586e-08, 0.999999, 2.74406, 0.773407, -0.0164891)

[node name="Left Arm_009" parent="Armature/Skeleton3D/Left Arm_009" index="0"]
material_override = ExtResource("3_wigwt")

[node name="Left Arm_008" parent="Armature/Skeleton3D" index="59"]
transform = Transform3D(0.999999, 5.96054e-08, -1.2118e-08, 2.08617e-07, 1, 4.08555e-08, -2.09479e-09, -3.71339e-08, 0.999999, 2.67298, 0.953968, -0.0164888)

[node name="Left Arm_008" parent="Armature/Skeleton3D/Left Arm_008" index="0"]
material_override = ExtResource("3_wigwt")

[node name="Left Arm_007" parent="Armature/Skeleton3D" index="60"]
transform = Transform3D(0.990512, 0.106411, -0.0869619, -0.106411, 0.994311, 0.00464227, 0.0869613, 0.00465551, 0.9962, 2.61142, 1.13771, -0.0190918)

[node name="Left Arm_007" parent="Armature/Skeleton3D/Left Arm_007" index="0"]
material_override = ExtResource("3_wigwt")

[node name="Left Arm_006" parent="Armature/Skeleton3D" index="61"]
transform = Transform3D(0.995329, -0.0960823, 0.00938783, 0.0962801, 0.995076, -0.0235368, -0.00708013, 0.0243308, 0.999679, 2.54516, 1.30864, -0.0193403)

[node name="Left Arm_006" parent="Armature/Skeleton3D/Left Arm_006" index="0"]
material_override = ExtResource("3_wigwt")

[node name="Left Arm_005" parent="Armature/Skeleton3D" index="62"]
transform = Transform3D(1, -2.98018e-08, -1.17468e-08, 2.08617e-07, 0.999999, 2.55913e-08, 1.43805e-08, -2.36431e-08, 1, 2.45973, 1.49565, -0.0164892)

[node name="Left Arm_005" parent="Armature/Skeleton3D/Left Arm_005" index="0"]
material_override = ExtResource("3_wigwt")

[node name="Left Arm_004" parent="Armature/Skeleton3D" index="63"]
transform = Transform3D(1, -5.84722e-15, -1.4555e-09, 1.78814e-07, 1, 2.59431e-09, 4.08919e-09, -6.46011e-10, 1, 2.38864, 1.67621, -0.0164897)

[node name="Left Arm_004" parent="Armature/Skeleton3D/Left Arm_004" index="0"]
material_override = ExtResource("3_wigwt")

[node name="Left Arm_003" parent="Armature/Skeleton3D" index="64"]
transform = Transform3D(0.999999, -1.49011e-07, -3.16527e-09, 3.57628e-07, 0.999999, -3.6685e-09, 5.79894e-09, 5.61676e-09, 1, 2.31756, 1.85677, -0.0164893)

[node name="Left Arm_003" parent="Armature/Skeleton3D/Left Arm_003" index="0"]
material_override = ExtResource("3_wigwt")

[node name="Left Arm_002" parent="Armature/Skeleton3D" index="65"]
transform = Transform3D(1, -2.98016e-08, -9.71238e-09, 2.38419e-07, 1, 1.74596e-08, 1.23463e-08, -1.55113e-08, 1, 2.24647, 2.03733, -0.0164895)

[node name="Left Arm_002" parent="Armature/Skeleton3D/Left Arm_002" index="0"]
material_override = ExtResource("3_wigwt")

[node name="Left Arm_001" parent="Armature/Skeleton3D" index="66"]
transform = Transform3D(0.999999, -1.49011e-07, -6.47157e-09, 2.98024e-07, 1, 3.17806e-08, 9.10529e-09, -2.98323e-08, 1, 2.17539, 2.21789, -0.0164893)

[node name="Left Arm_001" parent="Armature/Skeleton3D/Left Arm_001" index="0"]
material_override = ExtResource("3_wigwt")

[node name="Left Arm" parent="Armature/Skeleton3D" index="67"]
transform = Transform3D(1, -2.6822e-07, -1.94565e-07, 4.47035e-07, 1, -4.2195e-08, 1.97199e-07, 4.41433e-08, 1, 2.10431, 2.39845, -0.0164894)

[node name="Left Arm" parent="Armature/Skeleton3D/Left Arm" index="0"]
material_override = ExtResource("3_wigwt")

[node name="Left Shoulder" parent="Armature/Skeleton3D" index="68"]
transform = Transform3D(1, -3.03002e-07, 2.04891e-08, 4.4154e-07, 1, -4.19095e-08, -2.14204e-08, 4.10946e-08, 1, 0.00468409, 2.3673, 0.0116158)

[node name="Left Shoulder" parent="Armature/Skeleton3D/Left Shoulder" index="0"]
material_override = ExtResource("3_wigwt")

[node name="Finger End 1" parent="Armature/Skeleton3D" index="69"]
transform = Transform3D(0.999992, -0.00376526, -0.00127815, 0.0037654, 0.999992, 0.000518425, 0.00127618, -0.000523231, 0.999999, -4.12237, -1.52784, 0.00180185)

[node name="Finger End 1" parent="Armature/Skeleton3D/Finger End 1" index="0"]
material_override = ExtResource("3_wigwt")

[node name="Finger Middle 1" parent="Armature/Skeleton3D" index="70"]
transform = Transform3D(0.999991, -0.00376543, -0.00127817, 0.00376543, 0.999992, 0.000518406, 0.0012762, -0.000523213, 0.999999, -3.95602, -1.31771, 0.00190678)

[node name="Finger Middle 1" parent="Armature/Skeleton3D/Finger Middle 1" index="0"]
