[gd_scene load_steps=6 format=3 uid="uid://bhdvfievnjoad"]

[ext_resource type="PackedScene" uid="uid://cgfticqu7tsd1" path="res://Assets/Character/Robot.blend" id="1_01o4b"]
[ext_resource type="Material" uid="uid://c8ryhdqngecwg" path="res://Scenes/Models/Player/Player Material.tres" id="2_4rq6j"]
[ext_resource type="Texture2D" uid="uid://cmfbyrptl8kni" path="res://Assets/Character/Textures/Character Texture.png" id="2_5mypw"]

[sub_resource type="Shader" id="Shader_rbe00"]
code = "// NOTE: Shader automatically converted from Godot Engine 4.2.2.stable's StandardMaterial3D.

shader_type spatial;
render_mode blend_mix,depth_draw_opaque,cull_back,diffuse_burley,specular_schlick_ggx;
uniform vec4 albedo : source_color;
uniform sampler2D texture_albedo : source_color,filter_linear_mipmap,repeat_enable;
uniform float point_size : hint_range(0,128);
uniform float roughness : hint_range(0,1);
uniform sampler2D texture_metallic : hint_default_white,filter_linear_mipmap,repeat_enable;
uniform vec4 metallic_texture_channel;
uniform sampler2D texture_roughness : hint_roughness_r,filter_linear_mipmap,repeat_enable;
uniform float specular;
uniform float metallic;
uniform sampler2D texture_emission : source_color, hint_default_black,filter_linear_mipmap,repeat_enable;
uniform vec4 emission : source_color;
uniform float emission_energy;
uniform vec3 uv1_scale;
uniform vec3 uv1_offset;
uniform vec3 uv2_scale;
uniform vec3 uv2_offset;


void vertex() {
	UV=UV*uv1_scale.xy+uv1_offset.xy;
}






void fragment() {
	vec2 base_uv = UV;
	vec4 albedo_tex = texture(texture_albedo,base_uv);
	ALBEDO = albedo.rgb * albedo_tex.rgb;
	float metallic_tex = dot(texture(texture_metallic,base_uv),metallic_texture_channel);
	METALLIC = metallic_tex * metallic;
	vec4 roughness_texture_channel = vec4(1.0,0.0,0.0,0.0);
	float roughness_tex = dot(texture(texture_roughness,base_uv),roughness_texture_channel);
	ROUGHNESS = roughness_tex * roughness;
	SPECULAR = specular;
	vec3 emission_tex = texture(texture_emission,base_uv).rgb;
	EMISSION = (emission.rgb+emission_tex)*emission_energy;
}
"

[sub_resource type="ShaderMaterial" id="ShaderMaterial_wsfky"]
render_priority = 0
shader = SubResource("Shader_rbe00")
shader_parameter/albedo = Color(1, 1, 1, 1)
shader_parameter/point_size = 1.0
shader_parameter/roughness = 1.0
shader_parameter/metallic_texture_channel = null
shader_parameter/specular = 0.5
shader_parameter/metallic = 0.0
shader_parameter/emission = Color(0, 0, 0, 1)
shader_parameter/emission_energy = 1.0
shader_parameter/uv1_scale = Vector3(1, 1, 1)
shader_parameter/uv1_offset = Vector3(0, 0, 0)
shader_parameter/uv2_scale = Vector3(1, 1, 1)
shader_parameter/uv2_offset = Vector3(0, 0, 0)
shader_parameter/texture_albedo = ExtResource("2_5mypw")

[node name="Robot" instance=ExtResource("1_01o4b")]

[node name="Armature" parent="." index="0"]
transform = Transform3D(0.2, 0, 0, 0, 0.2, 0, 0, 0, 0.2, -0.00468456, 1.02612, 0.0154684)

[node name="Skeleton3D" parent="Armature" index="0"]
bones/1/rotation = Quaternion(-5.04041e-07, -2.94083e-07, 0.896632, -0.442776)
bones/1/scale = Vector3(1, 1, 1)
bones/2/rotation = Quaternion(0.31309, 0.634014, 0.634015, 0.31309)
bones/2/scale = Vector3(1, 1, 1)
bones/3/rotation = Quaternion(5.04041e-07, -2.94083e-07, 0.896632, 0.442776)
bones/3/scale = Vector3(1, 1, 1)
bones/4/rotation = Quaternion(-0.31309, 0.634014, 0.634015, -0.31309)
bones/4/scale = Vector3(1, 1, 1)
bones/6/rotation = Quaternion(0.619542, 0.340835, 0.619541, -0.340835)
bones/6/scale = Vector3(1, 1, 1)
bones/8/rotation = Quaternion(-0.251038, 0.00485321, 0.00125855, 0.967964)
bones/12/rotation = Quaternion(2.50247e-11, -0.00191784, 1.30485e-08, 0.999998)
bones/13/rotation = Quaternion(-2.7039e-11, 0.00191772, -1.40999e-08, 0.999998)
bones/16/rotation = Quaternion(2.41311e-11, -0.00912785, 2.64393e-09, 0.999958)
bones/16/scale = Vector3(1, 1, 1)
bones/17/rotation = Quaternion(0.000685581, 0.0091016, 0.0751118, 0.997133)
bones/17/scale = Vector3(1, 1, 1)
bones/18/scale = Vector3(1, 1, 1)
bones/22/rotation = Quaternion(-0.00627424, -0.700595, 0.00638959, 0.713503)
bones/22/scale = Vector3(1, 1, 1)
bones/23/rotation = Quaternion(9.70482e-05, -0.707107, -9.74562e-05, 0.707106)
bones/23/scale = Vector3(1, 1, 1)
bones/24/rotation = Quaternion(-0.011588, -0.707012, 0.0115876, 0.707011)
bones/25/rotation = Quaternion(-0.00103319, -0.707106, 0.00103281, 0.707106)
bones/25/scale = Vector3(1, 1, 1)
bones/27/rotation = Quaternion(-0.00545057, -0.707086, 0.00545017, 0.707085)
bones/27/scale = Vector3(1, 1, 1)
bones/28/rotation = Quaternion(0.0053347, -0.700996, -0.00542725, 0.713125)
bones/29/rotation = Quaternion(-0.00554276, -0.713264, 0.00544593, 0.700853)
bones/30/rotation = Quaternion(0.00206214, -0.699771, -0.00210536, 0.714361)
bones/31/rotation = Quaternion(-0.3116, -0.368554, -0.668979, 0.565279)
bones/31/scale = Vector3(1, 1, 1)
bones/32/rotation = Quaternion(5.92771e-05, 0.000705695, 0.0836584, 0.996494)
bones/33/rotation = Quaternion(-0.498484, -0.498483, -0.501512, 0.501512)
bones/33/scale = Vector3(1, 1, 1)
bones/38/rotation = Quaternion(0.00070546, -5.92968e-05, 0.996494, -0.0836586)
bones/38/scale = Vector3(0.999996, 1, 1)
bones/39/rotation = Quaternion(0.496456, 0.496455, -0.50352, 0.50352)
bones/40/rotation = Quaternion(-0.619541, 0.340835, 0.619542, 0.340835)
bones/41/rotation = Quaternion(-0.3116, 0.368554, 0.668979, 0.565279)
bones/41/scale = Vector3(1, 1, 1)
bones/42/rotation = Quaternion(5.91964e-05, -0.000705718, -0.0836584, 0.996494)
bones/42/scale = Vector3(1, 1, 1)
bones/43/rotation = Quaternion(-0.497815, 0.497815, 0.502176, 0.502175)
bones/48/rotation = Quaternion(-0.000705482, -5.92162e-05, 0.996494, 0.0836586)
bones/48/scale = Vector3(0.999998, 1, 1)
bones/49/rotation = Quaternion(0.496456, -0.496455, 0.50352, 0.503519)
bones/50/rotation = Quaternion(-0.241762, -2.87617e-07, 1.02801e-07, 0.970336)
bones/50/scale = Vector3(1, 1, 1)
bones/51/rotation = Quaternion(-0.255891, 7.8914e-08, 1.33518e-07, 0.966706)
bones/51/scale = Vector3(1, 1, 1)
bones/53/rotation = Quaternion(8.4044e-16, 2.38419e-07, 1.75691e-09, 1)
bones/55/rotation = Quaternion(2.50156e-11, 0.00191784, -1.30485e-08, 0.999998)
bones/56/rotation = Quaternion(-2.70329e-11, -0.00191772, 1.40999e-08, 0.999998)
bones/58/rotation = Quaternion(4.50365e-15, -3.57628e-07, 4.19158e-09, 1)
bones/59/rotation = Quaternion(2.41304e-11, 0.00912785, -2.64391e-09, 0.999958)
bones/59/scale = Vector3(1, 1, 1)
bones/60/rotation = Quaternion(0.000685566, -0.00910159, -0.0751118, 0.997133)
bones/60/scale = Vector3(1, 1, 1)
bones/61/rotation = Quaternion(-0.707107, 1.51465e-08, 0.707107, 1.05367e-08)
bones/61/scale = Vector3(1, 1, 1)
bones/65/rotation = Quaternion(-0.00638968, -0.713503, 0.00627399, 0.700595)
bones/65/scale = Vector3(1, 1, 1)
bones/66/rotation = Quaternion(9.71976e-05, -0.707106, -9.73654e-05, 0.707107)
bones/66/scale = Vector3(1, 1, 1)
bones/67/rotation = Quaternion(-0.0115878, -0.707012, 0.0115877, 0.707012)
bones/68/rotation = Quaternion(-0.00103307, -0.707106, 0.00103288, 0.707106)
bones/68/scale = Vector3(1, 1, 1)
bones/69/rotation = Quaternion(-0.00326941, -0.708454, 0.0032568, 0.705742)
bones/69/scale = Vector3(1, 1, 1)
bones/70/rotation = Quaternion(-0.00545041, -0.707086, 0.00545022, 0.707086)
bones/70/scale = Vector3(1, 1, 1)
bones/71/rotation = Quaternion(-0.000683643, -0.707106, 0.000683492, 0.707107)
bones/71/scale = Vector3(1, 1, 1)
bones/72/rotation = Quaternion(0.000710747, -0.707106, -0.000710929, 0.707107)
bones/72/scale = Vector3(1, 1, 1)
bones/74/rotation = Quaternion(9.51347e-08, 3.91638e-08, 0.00725219, 0.999974)
bones/74/scale = Vector3(1, 1, 1)
bones/75/rotation = Quaternion(-9.42702e-08, 8.00424e-08, -0.00725219, 0.999974)
bones/75/scale = Vector3(1, 1, 1)
bones/79/rotation = Quaternion(0.707107, 0, 0, 0.707107)
bones/80/rotation = Quaternion(0.707107, 0, 0, 0.707107)
bones/82/rotation = Quaternion(-0.000422101, -0.0145584, -5.57534e-09, 0.999894)
bones/82/scale = Vector3(1, 1, 1)
bones/85/rotation = Quaternion(-0.000896317, 0.00168269, -0.717235, 0.696829)
bones/85/scale = Vector3(1, 1, 1)
bones/86/rotation = Quaternion(-0.00494084, 7.14922e-05, 0.297733, 0.954636)
bones/87/rotation = Quaternion(0.0178554, -0.0067216, -0.740963, 0.671275)
bones/87/scale = Vector3(1, 1, 1)
bones/88/rotation = Quaternion(-0.0143899, -0.00333229, -0.0540613, 0.998428)
bones/88/scale = Vector3(1, 1, 1)
bones/94/rotation = Quaternion(-0.0126537, 0.000662055, 0.0481497, 0.99876)
bones/96/rotation = Quaternion(-0.0163116, -0.0404168, 0.0533323, 0.997625)
bones/96/scale = Vector3(1, 1, 1)
bones/100/rotation = Quaternion(-6.28291e-09, -7.81915e-08, 0.00604859, 0.999982)
bones/100/scale = Vector3(1, 1, 1)
bones/103/rotation = Quaternion(-6.62427e-10, 1.44506e-07, 0.00087978, 1)
bones/104/rotation = Quaternion(0.000760367, 3.47964e-05, 0.94212, 0.335276)
bones/105/rotation = Quaternion(0.000760479, 3.55124e-05, 0.942414, 0.334447)
bones/105/scale = Vector3(1, 1, 1)
bones/106/rotation = Quaternion(0.00076018, 4.18138e-05, 0.945144, 0.326653)
bones/106/scale = Vector3(1, 1, 1)
bones/107/rotation = Quaternion(-8.77514e-08, 3.3197e-07, 0.0640607, 0.997946)
bones/108/rotation = Quaternion(1.39102e-08, -8.02659e-08, -0.00846498, 0.999964)
bones/109/rotation = Quaternion(-1.23116e-10, 1.42563e-07, 3.92348e-05, 1)
bones/110/rotation = Quaternion(0.000754401, 0.000100813, 0.967676, 0.252197)
bones/110/scale = Vector3(1, 1, 1)
bones/111/rotation = Quaternion(0.000754521, 0.000100884, 0.967685, 0.252159)
bones/111/scale = Vector3(1, 1, 1)
bones/112/rotation = Quaternion(0.000755264, 9.44616e-05, 0.965516, 0.260342)
bones/112/scale = Vector3(1, 1, 1)
bones/113/rotation = Quaternion(5.14655e-08, 4.24464e-07, -0.0351677, 0.999381)
bones/116/rotation = Quaternion(0.000147688, 0.000533428, 0.988183, 0.15328)
bones/116/scale = Vector3(1, 1, 1)
bones/117/rotation = Quaternion(0.000151512, 0.000532354, 0.987065, 0.160317)
bones/117/scale = Vector3(1, 1, 1)
bones/118/rotation = Quaternion(0.000154238, 0.000531603, 0.986257, 0.165218)
bones/118/scale = Vector3(1, 1, 1)
bones/119/rotation = Quaternion(7.624e-07, 8.13779e-07, -0.396704, 0.917946)
bones/120/rotation = Quaternion(2.39691e-09, -5.35418e-08, -0.0011728, 0.999999)
bones/121/rotation = Quaternion(-5.11161e-05, 0.000551982, 0.978457, -0.206448)
bones/121/scale = Vector3(1, 1, 1)
bones/122/rotation = Quaternion(-5.05282e-05, 0.000552033, 0.978699, -0.2053)
bones/122/scale = Vector3(1, 1, 1)
bones/123/rotation = Quaternion(-5.14824e-07, -1.91397e-07, 0.980485, 0.196593)
bones/123/scale = Vector3(1, 1, 1)
bones/124/rotation = Quaternion(-5.14824e-07, -1.91397e-07, 0.980485, 0.196593)
bones/124/scale = Vector3(1, 1, 1)
bones/125/rotation = Quaternion(-5.90107e-07, -1.96149e-07, 0.981656, 0.190659)
bones/125/scale = Vector3(1, 1, 1)
bones/126/rotation = Quaternion(-5.36979e-07, -1.88796e-07, 0.981656, 0.190659)
bones/126/scale = Vector3(1, 1, 1)
bones/127/rotation = Quaternion(-5.34133e-07, -1.86662e-07, 0.981656, 0.190659)
bones/128/rotation = Quaternion(-6.34698e-07, -2.137e-07, 0.981656, 0.190659)
bones/128/scale = Vector3(1, 1, 1)
bones/129/rotation = Quaternion(-5.32961e-07, -1.84053e-07, 0.981656, 0.190659)
bones/129/scale = Vector3(1, 1, 1)
bones/130/rotation = Quaternion(1.58319e-08, -7.61649e-08, 0.981656, 0.190658)
bones/130/scale = Vector3(1, 1, 1)
bones/131/rotation = Quaternion(-5.33184e-07, -1.75448e-07, 0.981656, 0.190659)
bones/131/scale = Vector3(1, 1, 1)
bones/132/rotation = Quaternion(9.60585e-09, -7.79734e-08, 0.981656, 0.190658)
bones/132/scale = Vector3(1, 1, 1)
bones/133/rotation = Quaternion(-5.33184e-07, -1.79783e-07, 0.981656, 0.190659)
bones/134/rotation = Quaternion(-6.30428e-07, -1.94014e-07, 0.981656, 0.190659)
bones/135/rotation = Quaternion(-4.0226e-07, -1.47052e-07, 0.981656, 0.190658)
bones/135/scale = Vector3(1, 1, 1)
bones/136/rotation = Quaternion(-5.29863e-07, -1.86187e-07, 0.981656, 0.190659)
bones/136/scale = Vector3(1, 1, 1)
bones/137/rotation = Quaternion(0.00378579, -0.00543954, 0.470836, 0.882196)
bones/137/scale = Vector3(1, 1, 1)
bones/138/rotation = Quaternion(-0.00108472, -0.00157224, 0.707184, 0.707027)
bones/138/scale = Vector3(1, 1, 1)
bones/139/rotation = Quaternion(-0.00484098, -0.000232663, -0.297911, 0.954581)
bones/140/rotation = Quaternion(0.0154957, 0.00889632, 0.74314, 0.668897)
bones/140/scale = Vector3(1, 1, 1)
bones/141/rotation = Quaternion(-0.0146107, 0.000122842, 0.0508492, 0.998599)
bones/147/rotation = Quaternion(-0.0128944, -0.00640975, -0.0538938, 0.998443)
bones/147/scale = Vector3(1, 1, 1)
bones/148/rotation = Quaternion(0.0312352, -0.0266255, 0.113712, 0.992666)
bones/149/rotation = Quaternion(-0.0162229, 0.0331638, -0.0605798, 0.99748)
bones/149/scale = Vector3(1, 1, 1)
bones/153/rotation = Quaternion(-6.09949e-09, 7.80795e-08, -0.0060486, 0.999982)
bones/153/scale = Vector3(1, 1, 1)
bones/154/rotation = Quaternion(-1.56508e-07, -1.89241e-07, -0.133093, 0.991104)
bones/154/scale = Vector3(1, 1, 1)
bones/155/rotation = Quaternion(-1.45058e-08, -2.28915e-08, -0.00825755, 0.999966)
bones/156/rotation = Quaternion(-6.41562e-10, -1.4453e-07, -0.00087978, 1)
bones/157/rotation = Quaternion(0.000689733, -3.25148e-05, 0.941954, -0.33574)
bones/157/scale = Vector3(1, 1, 1)
bones/158/rotation = Quaternion(0.000689561, -3.30735e-05, 0.942249, -0.334911)
bones/158/scale = Vector3(0.999999, 1, 1)
bones/159/rotation = Quaternion(0.000689253, -3.87476e-05, 0.944983, -0.327119)
bones/159/scale = Vector3(0.999999, 1, 1)
bones/160/rotation = Quaternion(-8.27382e-08, -3.3349e-07, -0.0640607, 0.997946)
bones/163/rotation = Quaternion(0.000684385, -9.21667e-05, 0.967551, -0.252674)
bones/163/scale = Vector3(0.999999, 1, 1)
bones/164/rotation = Quaternion(0.00068425, -9.21532e-05, 0.967561, -0.252636)
bones/164/scale = Vector3(0.999999, 1, 1)
bones/165/rotation = Quaternion(0.000685081, -8.63905e-05, 0.965388, -0.260817)
bones/165/scale = Vector3(0.999999, 1, 1)
bones/166/rotation = Quaternion(4.92962e-08, -4.23882e-07, 0.0351676, 0.999381)
bones/167/rotation = Quaternion(1.06161e-08, -8.55839e-08, 0.00496715, 0.999988)
bones/168/rotation = Quaternion(1.42861e-08, -3.03825e-08, 0.00712437, 0.999975)
bones/169/rotation = Quaternion(0.000671484, -0.000161854, 0.988394, -0.151907)
bones/169/scale = Vector3(0.999999, 1, 1)
bones/170/rotation = Quaternion(0.000672598, -0.000157075, 0.987287, -0.158945)
bones/170/scale = Vector3(0.999999, 1, 1)
bones/171/rotation = Quaternion(0.00067328, -0.000153729, 0.986486, -0.163847)
bones/171/scale = Vector3(0.999999, 1, 1)
bones/172/rotation = Quaternion(7.5165e-07, -8.11006e-07, 0.396704, 0.917946)
bones/173/rotation = Quaternion(1.22299e-10, 5.35334e-08, 0.00117277, 0.999999)
bones/174/rotation = Quaternion(0.000571137, -0.000388286, 0.97817, 0.207807)
bones/174/scale = Vector3(0.999999, 1, 1)
bones/175/rotation = Quaternion(0.000571641, -0.000387598, 0.978413, 0.20666)
bones/175/scale = Vector3(0.999999, 1, 1)
bones/176/rotation = Quaternion(5.13874e-07, -1.70975e-07, 0.980485, -0.196593)
bones/176/scale = Vector3(1, 1, 1)
bones/177/rotation = Quaternion(5.13874e-07, -1.70975e-07, 0.980485, -0.196593)
bones/177/scale = Vector3(1, 1, 1)
bones/178/rotation = Quaternion(-7.17125e-08, 5.4576e-07, 0.00430813, 0.999991)
bones/179/rotation = Quaternion(-7.73005e-08, 6.00709e-07, 0.00430813, 0.999991)
bones/180/rotation = Quaternion(-6.61245e-08, 5.9838e-07, 0.00430813, 0.999991)
bones/181/rotation = Quaternion(-7.42737e-08, 5.44945e-07, 0.0043081, 0.999991)
bones/182/rotation = Quaternion(-7.42737e-08, 5.44945e-07, 0.0043081, 0.999991)
bones/183/rotation = Quaternion(-7.11668e-08, -1.36498e-08, 0.00430756, 0.999991)
bones/183/scale = Vector3(1, 1, 1)
bones/184/rotation = Quaternion(-7.17125e-08, 5.44829e-07, 0.00430813, 0.999991)
bones/185/rotation = Quaternion(-7.54378e-08, -7.45065e-09, 0.00430755, 0.999991)
bones/185/scale = Vector3(1, 1, 1)
bones/186/rotation = Quaternion(-7.31095e-08, 5.36447e-07, 0.00430814, 0.999991)
bones/187/rotation = Quaternion(-7.07812e-08, 6.40756e-07, 0.00430826, 0.999991)
bones/188/rotation = Quaternion(-6.05365e-08, 5.38309e-07, 0.00430814, 0.999991)
bones/189/rotation = Quaternion(-7.96288e-08, 5.4576e-07, 0.00430814, 0.999991)
bones/190/rotation = Quaternion(0.00378579, 0.00543954, -0.470836, 0.882196)
bones/190/scale = Vector3(1, 1, 1)
bones/192/scale = Vector3(1, 1, 1)

[node name="Lower Left Leg" parent="Armature/Skeleton3D" index="0"]
transform = Transform3D(1, 1.4063e-07, 1.16974e-06, 3.34151e-07, 0.988715, -0.149805, -1.08392e-06, 0.149805, 0.988716, 0.943304, -3.57423, -0.112717)

[node name="Lower Left Leg" parent="Armature/Skeleton3D/Lower Left Leg" index="0"]
material_override = ExtResource("2_4rq6j")

[node name="Left Leg Joint Cutouts" parent="Armature/Skeleton3D" index="1"]
transform = Transform3D(1, 1.4063e-07, 1.16974e-06, 3.34151e-07, 0.988715, -0.149805, -1.08392e-06, 0.149805, 0.988716, 0.940695, -2.77144, -0.0586608)

[node name="Left Leg Joint Cutouts" parent="Armature/Skeleton3D/Left Leg Joint Cutouts" index="0"]
material_override = ExtResource("2_4rq6j")

[node name="Lower Left Leg Joint" parent="Armature/Skeleton3D" index="2"]
transform = Transform3D(1, 1.4063e-07, 1.16974e-06, 3.34151e-07, 0.988715, -0.149805, -1.08392e-06, 0.149805, 0.988716, 0.952209, -2.6211, -0.0406423)

[node name="Lower Left Leg Light" parent="Armature/Skeleton3D" index="3"]
transform = Transform3D(1, 1.4063e-07, 1.16974e-06, 3.34151e-07, 0.988715, -0.149805, -1.08392e-06, 0.149805, 0.988716, 1.22953, -3.38852, -0.284061)

[node name="Limb Segment_018" parent="Armature/Skeleton3D" index="4"]
transform = Transform3D(0.99984, -0.0179093, -2.51457e-07, -0.017909, -0.999839, -1.06001e-06, -1.43424e-07, 1.01628e-06, -1, 0.963424, -1.54742, -0.0164472)

[node name="Limb Segment_018" parent="Armature/Skeleton3D/Limb Segment_018" index="0"]
material_override = ExtResource("2_4rq6j")

[node name="Limb Segment_017" parent="Armature/Skeleton3D" index="5"]
transform = Transform3D(1, 0.00027516, -1.31555e-06, 0.000275458, -1, -1.29418e-06, -1.22354e-06, 1.24773e-06, -1, 0.950512, -1.54801, -0.0164472)

[node name="Limb Segment_017" parent="Armature/Skeleton3D/Limb Segment_017" index="0"]
material_override = ExtResource("2_4rq6j")

[node name="Limb Segment_016" parent="Armature/Skeleton3D" index="6"]
transform = Transform3D(0.999463, -0.0327708, -2.03081e-06, -0.0327705, -0.999462, -1.25063e-06, -1.91663e-06, 1.26739e-06, -1, 0.966752, -1.54859, -0.0164472)

[node name="Limb Segment_016" parent="Armature/Skeleton3D/Limb Segment_016" index="0"]
material_override = ExtResource("2_4rq6j")

[node name="Limb Segment_015" parent="Armature/Skeleton3D" index="7"]
transform = Transform3D(0.999996, -0.00292167, -8.38889e-07, -0.00292137, -0.999995, -1.27284e-06, -7.44671e-07, 1.22892e-06, -1, 0.959018, -1.54932, -0.0164472)

[node name="Limb Segment_015" parent="Armature/Skeleton3D/Limb Segment_015" index="0"]
material_override = ExtResource("2_4rq6j")

[node name="Limb Segment_014" parent="Armature/Skeleton3D" index="8"]
transform = Transform3D(0.999957, -0.0092295, -1.36904e-06, -0.0092292, -0.999957, -1.01449e-06, -1.28639e-06, 9.80282e-07, -1, 0.959258, -1.54981, -0.0164472)

[node name="Limb Segment_014" parent="Armature/Skeleton3D/Limb Segment_014" index="0"]
material_override = ExtResource("2_4rq6j")

[node name="Limb Segment_013" parent="Armature/Skeleton3D" index="9"]
transform = Transform3D(0.999881, -0.0154154, -1.9102e-06, -0.0154151, -0.999881, -1.28785e-06, -1.80735e-06, 1.27137e-06, -1, 0.958231, -1.55034, -0.0164472)

[node name="Limb Segment_013" parent="Armature/Skeleton3D/Limb Segment_013" index="0"]
material_override = ExtResource("2_4rq6j")

[node name="Limb Segment_012" parent="Armature/Skeleton3D" index="10"]
transform = Transform3D(0.999737, 0.0152177, 0.0171518, 0.0152202, -0.999884, -1.05002e-06, 0.0171499, 0.00026206, -0.999853, 0.969035, -1.55056, -0.0161712)

[node name="Limb Segment_012" parent="Armature/Skeleton3D/Limb Segment_012" index="0"]
material_override = ExtResource("2_4rq6j")

[node name="Limb Segment_011" parent="Armature/Skeleton3D" index="11"]
transform = Transform3D(0.999725, -0.015538, -0.0175523, -0.0155401, -0.999879, -1.26251e-06, -0.0175501, 0.000273979, -0.999846, 0.953302, -1.55098, -0.0164537)

[node name="Limb Segment_011" parent="Armature/Skeleton3D/Limb Segment_011" index="0"]
material_override = ExtResource("2_4rq6j")

[node name="Limb Segment_003" parent="Armature/Skeleton3D" index="12"]
transform = Transform3D(0.99977, 0.00589283, 0.0206316, 0.0058944, -0.999983, -1.04765e-06, 0.0206313, 0.000122612, -0.999788, 0.967595, -1.55127, -0.016145)

[node name="Limb Segment_003" parent="Armature/Skeleton3D/Limb Segment_003" index="0"]
material_override = ExtResource("2_4rq6j")

[node name="Left Foot" parent="Armature/Skeleton3D" index="13"]
transform = Transform3D(0.999982, -1.78255e-06, 0.00605852, 1.95072e-06, 1, 1.49435e-06, -0.00605836, -1.35615e-06, 0.999982, 0.925028, -4.63847, 0.34222)

[node name="Left Foot" parent="Armature/Skeleton3D/Left Foot" index="0"]
material_override = ExtResource("2_4rq6j")

[node name="Foot_005" parent="Armature/Skeleton3D" index="14"]
transform = Transform3D(0.999982, -1.78255e-06, 0.00605852, 1.95072e-06, 1, 1.49435e-06, -0.00605836, -1.35615e-06, 0.999982, 0.940108, -4.05737, 0.0554374)

[node name="Foot_005" parent="Armature/Skeleton3D/Foot_005" index="0"]
material_override = ExtResource("2_4rq6j")

[node name="Foot_006" parent="Armature/Skeleton3D" index="15"]
transform = Transform3D(0.999982, -1.78255e-06, 0.00605852, 1.95072e-06, 1, 1.49435e-06, -0.00605836, -1.35615e-06, 0.999982, 0.943911, -4.99231, 0.682798)

[node name="Foot_007" parent="Armature/Skeleton3D" index="16"]
transform = Transform3D(0.999982, -1.78255e-06, 0.00605852, 1.95072e-06, 1, 1.49435e-06, -0.00605836, -1.35615e-06, 0.999982, 0.936814, -4.99231, -0.488548)

[node name="Left Foot Joint" parent="Armature/Skeleton3D" index="17"]
transform = Transform3D(0.999982, -1.78255e-06, 0.00605852, 1.95072e-06, 1, 1.49435e-06, -0.00605836, -1.35615e-06, 0.999982, 1.36246, -4.33935, 0.0669394)

[node name="Right Foot" parent="Armature/Skeleton3D" index="18"]
transform = Transform3D(0.999962, -1.53786e-07, -0.00871977, -1.13552e-07, 1, 1.71591e-07, 0.00871958, 2.61584e-08, 0.999962, -0.916611, -4.63847, 0.342351)

[node name="Right Foot" parent="Armature/Skeleton3D/Right Foot" index="0"]
material_override = ExtResource("2_4rq6j")

[node name="Foot" parent="Armature/Skeleton3D" index="19"]
transform = Transform3D(0.999962, -1.53786e-07, -0.00871977, -1.13552e-07, 1, 1.71591e-07, 0.00871958, 2.61584e-08, 0.999962, -0.930929, -4.05737, 0.05553)

[node name="Foot" parent="Armature/Skeleton3D/Foot" index="0"]
material_override = ExtResource("2_4rq6j")

[node name="Foot_001" parent="Armature/Skeleton3D" index="20"]
transform = Transform3D(0.999962, -1.53786e-07, -0.00871977, -1.13552e-07, 1, 1.71591e-07, 0.00871958, 2.61584e-08, 0.999962, -0.936399, -4.99231, 0.682877)

[node name="Foot_002" parent="Armature/Skeleton3D" index="21"]
transform = Transform3D(0.999962, -1.53786e-07, -0.00871977, -1.13552e-07, 1, 1.71591e-07, 0.00871958, 2.61584e-08, 0.999962, -0.926185, -4.99231, -0.488446)

[node name="Right Foot Joint" parent="Armature/Skeleton3D" index="22"]
transform = Transform3D(0.999962, -1.53786e-07, -0.00871977, -1.13552e-07, 1, 1.71591e-07, 0.00871958, 2.61584e-08, 0.999962, -1.35331, -4.33935, 0.0659076)

[node name="Lower Right Leg" parent="Armature/Skeleton3D" index="23"]
transform = Transform3D(1, 1.73226e-06, 1.42306e-06, -1.64945e-06, 0.988715, -0.149806, -1.75177e-06, 0.149806, 0.988715, -0.93394, -3.57423, -0.11272)

[node name="Lower Right Leg" parent="Armature/Skeleton3D/Lower Right Leg" index="0"]
material_override = ExtResource("2_4rq6j")

[node name="Lower Right Leg Joint" parent="Armature/Skeleton3D" index="24"]
transform = Transform3D(1, 1.73226e-06, 1.42306e-06, -1.64945e-06, 0.988715, -0.149806, -1.75177e-06, 0.149806, 0.988715, -0.942841, -2.6211, -0.0406434)

[node name="Lower Right Leg Light" parent="Armature/Skeleton3D" index="25"]
transform = Transform3D(1, 1.73226e-06, 1.42306e-06, -1.64945e-06, 0.988715, -0.149806, -1.75177e-06, 0.149806, 0.988715, -1.22016, -3.38852, -0.284062)

[node name="Right Leg Joint Cutouts" parent="Armature/Skeleton3D" index="26"]
transform = Transform3D(1, 1.73226e-06, 1.42306e-06, -1.64945e-06, 0.988715, -0.149806, -1.75177e-06, 0.149806, 0.988715, -0.931329, -2.77144, -0.0586623)

[node name="Right Leg Joint Cutouts" parent="Armature/Skeleton3D/Right Leg Joint Cutouts" index="0"]
material_override = ExtResource("2_4rq6j")

[node name="Limb Segment_010" parent="Armature/Skeleton3D" index="27"]
transform = Transform3D(-0.99984, 0.0179076, 2.30782e-06, -0.0179074, -0.999839, -7.97598e-07, 2.33389e-06, -8.9634e-07, 1, -0.954085, -1.54669, -0.0144892)

[node name="Limb Segment_010" parent="Armature/Skeleton3D/Limb Segment_010" index="0"]
material_override = ExtResource("2_4rq6j")

[node name="Limb Segment_009" parent="Armature/Skeleton3D" index="28"]
transform = Transform3D(-1, -0.000276733, 1.24675e-06, 0.000276882, -1, -8.95306e-07, 1.33589e-06, -9.50158e-07, 1, -0.941161, -1.54744, -0.0144892)

[node name="Limb Segment_009" parent="Armature/Skeleton3D/Limb Segment_009" index="0"]
material_override = ExtResource("2_4rq6j")

[node name="Limb Segment_008" parent="Armature/Skeleton3D" index="29"]
transform = Transform3D(-0.999463, 0.0327691, 1.9024e-06, -0.0327689, -0.999463, -8.08143e-07, 1.96662e-06, -9.282e-07, 1, -0.957425, -1.54772, -0.0144891)

[node name="Limb Segment_008" parent="Armature/Skeleton3D/Limb Segment_008" index="0"]
material_override = ExtResource("2_4rq6j")

[node name="Limb Segment_007" parent="Armature/Skeleton3D" index="30"]
transform = Transform3D(-0.999996, 0.00292011, 1.66427e-06, -0.00291996, -0.999995, -9.08516e-07, 1.75118e-06, -9.68823e-07, 1, -0.949669, -1.54872, -0.0144892)

[node name="Limb Segment_007" parent="Armature/Skeleton3D/Limb Segment_007" index="0"]
material_override = ExtResource("2_4rq6j")

[node name="Limb Segment_006" parent="Armature/Skeleton3D" index="31"]
transform = Transform3D(-0.999958, 0.00922779, 1.67009e-06, -0.00922764, -0.999957, -8.02139e-07, 1.79606e-06, -8.73471e-07, 1, -0.949913, -1.54915, -0.0144891)

[node name="Limb Segment_006" parent="Armature/Skeleton3D/Limb Segment_006" index="0"]
material_override = ExtResource("2_4rq6j")

[node name="Limb Segment_005" parent="Armature/Skeleton3D" index="32"]
transform = Transform3D(-0.999881, 0.0154138, 1.90444e-06, -0.0154136, -0.999881, -9.10619e-07, 1.9823e-06, -9.96451e-07, 1, -0.94889, -1.54963, -0.0144892)

[node name="Limb Segment_005" parent="Armature/Skeleton3D/Limb Segment_005" index="0"]
material_override = ExtResource("2_4rq6j")

[node name="Limb Segment_004" parent="Armature/Skeleton3D" index="33"]
transform = Transform3D(-0.999998, 0.00193184, 5.66931e-08, -0.00193169, -0.999998, -8.7796e-07, 1.4415e-07, -9.33287e-07, 1, -0.953631, -1.55019, -0.0144892)

[node name="Limb Segment_004" parent="Armature/Skeleton3D/Limb Segment_004" index="0"]
material_override = ExtResource("2_4rq6j")

[node name="Limb Segment_001" parent="Armature/Skeleton3D" index="34"]
transform = Transform3D(-0.999998, -0.00201213, 4.14322e-07, 0.00201228, -0.999998, -9.22511e-07, 5.04617e-07, -9.76486e-07, 1, -0.955643, -1.5505, -0.0144892)

[node name="Limb Segment_001" parent="Armature/Skeleton3D/Limb Segment_001" index="0"]
material_override = ExtResource("2_4rq6j")

[node name="Limb Segment_002" parent="Armature/Skeleton3D" index="35"]
transform = Transform3D(-0.999891, 0.0147372, 1.12958e-06, -0.014737, -0.999891, -8.70303e-07, 1.20806e-06, -9.43832e-07, 1, -0.944512, -1.55072, -0.0144892)

[node name="Limb Segment_002" parent="Armature/Skeleton3D/Limb Segment_002" index="0"]
material_override = ExtResource("2_4rq6j")

[node name="Head_2" parent="Armature/Skeleton3D" index="36"]
transform = Transform3D(1, -1.39699e-09, 2.8399e-10, 1.397e-09, 1, 3.16649e-08, -2.84004e-10, -3.16649e-08, 1, 0.00468186, 4.36677, 0.258839)

[node name="Head_2" parent="Armature/Skeleton3D/Head_2" index="0"]
material_override = ExtResource("2_4rq6j")

[node name="Inner Eye Lights" parent="Armature/Skeleton3D" index="37"]
transform = Transform3D(1, 2.8399e-10, 1.39699e-09, 1.397e-09, 3.16649e-08, -1, -2.84004e-10, 1, 3.16649e-08, 0.00468478, 4.42552, 0.749813)

[node name="Lights 2" parent="Armature/Skeleton3D" index="38"]
transform = Transform3D(1, 2.8399e-10, 1.39699e-09, 1.397e-09, 3.16649e-08, -1, -2.84004e-10, 1, 3.16649e-08, 0.00468458, 4.41193, 0.72831)

[node name="Right Arm_012" parent="Armature/Skeleton3D" index="39"]
transform = Transform3D(1, -1.39744e-09, 2.61977e-10, 1.39746e-09, 1, 2.9801e-08, -2.61991e-10, -2.9801e-08, 1, -0.0203595, 3.34207, -0.0144376)

[node name="Right Arm_012" parent="Armature/Skeleton3D/Right Arm_012" index="0"]
material_override = ExtResource("2_4rq6j")

[node name="Main Body_2" parent="Armature/Skeleton3D" index="40"]
transform = Transform3D(0.999576, 1.23012e-05, -0.0291135, 1.22791e-05, 1, 0.000844112, 0.0291135, -0.000844112, 0.999576, 0.00468409, 2.3673, 0.0116158)

[node name="Main Body_2" parent="Armature/Skeleton3D/Main Body_2" index="0"]
material_override = SubResource("ShaderMaterial_wsfky")

[node name="Reactor Casing" parent="Armature/Skeleton3D" index="41"]
transform = Transform3D(0.999576, 1.23012e-05, -0.0291135, 1.22791e-05, 1, 0.000844112, 0.0291135, -0.000844112, 0.999576, -0.0410306, 2.4427, 1.58114)

[node name="Reactor" parent="Armature/Skeleton3D" index="42"]
transform = Transform3D(0.999576, 1.23012e-05, -0.0291135, 1.22791e-05, 1, 0.000844112, 0.0291135, -0.000844112, 0.999576, -0.0428476, 2.46961, 1.64352)

[node name="Finger End 1_001" parent="Armature/Skeleton3D" index="43"]
transform = Transform3D(0.999996, 0.00278002, -0.00141237, -0.00278077, 0.999997, -0.00057281, 0.00141077, 0.000576739, 0.999999, 4.1359, -1.52574, -0.0326643)

[node name="Finger End 1_001" parent="Armature/Skeleton3D/Finger End 1_001" index="0"]
material_override = ExtResource("2_4rq6j")

[node name="Finger Middle 1_001" parent="Armature/Skeleton3D" index="44"]
transform = Transform3D(0.999995, 0.00278047, -0.00141238, -0.00278118, 0.999995, -0.00057281, 0.00141078, 0.00057674, 0.999999, 3.96934, -1.31577, -0.0327798)

[node name="Finger Middle 1_001" parent="Armature/Skeleton3D/Finger Middle 1_001" index="0"]
material_override = ExtResource("2_4rq6j")

[node name="Finger Base 1_001" parent="Armature/Skeleton3D" index="45"]
transform = Transform3D(0.999995, 0.00277895, -0.00141239, -0.00277963, 0.999995, -0.000572821, 0.00141078, 0.000576748, 0.999999, 3.79648, -1.09831, -0.0331714)

[node name="Finger Base 1_001" parent="Armature/Skeleton3D/Finger Base 1_001" index="0"]
material_override = ExtResource("2_4rq6j")

[node name="Finger End 2_001" parent="Armature/Skeleton3D" index="46"]
transform = Transform3D(0.999995, 0.00277927, -0.00141241, -0.00278011, 0.999996, -0.000572793, 0.00141081, 0.000576721, 0.999999, 3.86806, -1.69888, -0.0331421)

[node name="Finger End 2_001" parent="Armature/Skeleton3D/Finger End 2_001" index="0"]
material_override = ExtResource("2_4rq6j")

[node name="Finger Middle 2_001" parent="Armature/Skeleton3D" index="47"]
transform = Transform3D(0.999995, 0.00277963, -0.00141238, -0.0027805, 0.999996, -0.000572797, 0.00141078, 0.000576725, 0.999999, 3.73892, -1.46404, -0.0331902)

[node name="Finger Middle 2_001" parent="Armature/Skeleton3D/Finger Middle 2_001" index="0"]
material_override = ExtResource("2_4rq6j")

[node name="Finger Base 2_001" parent="Armature/Skeleton3D" index="48"]
transform = Transform3D(0.999995, 0.00278076, -0.00141236, -0.00278151, 0.999995, -0.000572795, 0.00141076, 0.000576725, 0.999999, 3.60929, -1.22908, -0.0341988)

[node name="Finger Base 2_001" parent="Armature/Skeleton3D/Finger Base 2_001" index="0"]
material_override = ExtResource("2_4rq6j")

[node name="Finger End 3_001" parent="Armature/Skeleton3D" index="49"]
transform = Transform3D(0.999978, 0.00654351, -0.00013761, -0.00654358, 0.999977, -0.00109949, 0.000130406, 0.00110037, 0.999999, 3.57433, -1.81343, -0.0333242)

[node name="Finger End 3_001" parent="Armature/Skeleton3D/Finger End 3_001" index="0"]
material_override = ExtResource("2_4rq6j")

[node name="Finger Middle 3_001" parent="Armature/Skeleton3D" index="50"]
transform = Transform3D(0.999978, 0.00654524, -0.000137601, -0.00654522, 0.999977, -0.00109949, 0.000130394, 0.00110037, 0.999999, 3.4925, -1.55821, -0.0333214)

[node name="Finger Middle 3_001" parent="Armature/Skeleton3D/Finger Middle 3_001" index="0"]
material_override = ExtResource("2_4rq6j")

[node name="Finger Base 3_001" parent="Armature/Skeleton3D" index="51"]
transform = Transform3D(0.999978, 0.0065453, -0.000137595, -0.00654531, 0.999977, -0.0010995, 0.000130388, 0.00110038, 0.999999, 3.40087, -1.27631, -0.0340926)

[node name="Finger Base 3_001" parent="Armature/Skeleton3D/Finger Base 3_001" index="0"]
material_override = ExtResource("2_4rq6j")

[node name="Finger End 4_001" parent="Armature/Skeleton3D" index="52"]
transform = Transform3D(0.999978, 0.00654316, -0.000137588, -0.00654316, 0.999978, -0.00109952, 0.000130384, 0.00110041, 0.999999, 3.03928, -1.51168, -0.0333792)

[node name="Finger End 4_001" parent="Armature/Skeleton3D/Finger End 4_001" index="0"]
material_override = ExtResource("2_4rq6j")

[node name="Finger Base 4_001" parent="Armature/Skeleton3D" index="53"]
transform = Transform3D(0.999978, 0.00654402, -0.000137568, -0.00654402, 0.999977, -0.00109949, 0.000130363, 0.00110037, 0.999999, 3.18567, -1.18489, -0.0373409)

[node name="Finger Base 4_001" parent="Armature/Skeleton3D/Finger Base 4_001" index="0"]
material_override = ExtResource("2_4rq6j")

[node name="Left Hand_001" parent="Armature/Skeleton3D" index="54"]
transform = Transform3D(1, 1.2219e-06, -5.95627e-08, -1.07288e-06, 1, -2.43429e-08, 5.26916e-08, 2.82275e-08, 1, 3.55168, -1.33455, 0.004636)

[node name="Left Hand_001" parent="Armature/Skeleton3D/Left Hand_001" index="0"]
material_override = ExtResource("2_4rq6j")

[node name="Left Wrist Guard" parent="Armature/Skeleton3D" index="55"]
transform = Transform3D(1, 1.2219e-06, -5.95627e-08, -1.07288e-06, 1, -2.43429e-08, 5.26916e-08, 2.82275e-08, 1, 3.25001, -0.409153, 0.0388633)

[node name="Left Wrist Guard" parent="Armature/Skeleton3D/Left Wrist Guard" index="0"]
material_override = ExtResource("2_4rq6j")

[node name="Left Arm_011" parent="Armature/Skeleton3D" index="56"]
transform = Transform3D(1, 1.63913e-06, -5.95242e-08, -1.46031e-06, 1, -3.97586e-08, 5.26527e-08, 4.36432e-08, 1, 2.88623, 0.412286, -0.0164894)

[node name="Left Arm_011" parent="Armature/Skeleton3D/Left Arm_011" index="0"]
material_override = ExtResource("2_4rq6j")

[node name="Left Arm_010" parent="Armature/Skeleton3D" index="57"]
transform = Transform3D(1, 1.66893e-06, -5.74043e-08, -1.49012e-06, 1, -3.2624e-08, 5.05331e-08, 3.65086e-08, 1, 2.81514, 0.592847, -0.0164894)

[node name="Left Arm_010" parent="Armature/Skeleton3D/Left Arm_010" index="0"]
material_override = ExtResource("2_4rq6j")

[node name="Left Arm_009" parent="Armature/Skeleton3D" index="58"]
transform = Transform3D(1, 1.63913e-06, -6.21783e-08, -1.51992e-06, 1, -3.78988e-08, 5.53069e-08, 4.17836e-08, 1, 2.74406, 0.773408, -0.0164892)

[node name="Left Arm_009" parent="Armature/Skeleton3D/Left Arm_009" index="0"]
material_override = ExtResource("2_4rq6j")

[node name="Left Arm_008" parent="Armature/Skeleton3D" index="59"]
transform = Transform3D(1, 1.40071e-06, -4.23702e-08, -1.2815e-06, 1, -2.38732e-08, 3.54986e-08, 2.77577e-08, 1, 2.67298, 0.953969, -0.0164893)

[node name="Left Arm_008" parent="Armature/Skeleton3D/Left Arm_008" index="0"]
material_override = ExtResource("2_4rq6j")

[node name="Left Arm_007" parent="Armature/Skeleton3D" index="60"]
transform = Transform3D(0.990512, 0.106412, -0.086962, -0.106413, 0.994311, 0.00464233, 0.0869613, 0.0046556, 0.996201, 2.61142, 1.13771, -0.0190923)

[node name="Left Arm_007" parent="Armature/Skeleton3D/Left Arm_007" index="0"]
material_override = ExtResource("2_4rq6j")

[node name="Left Arm_006" parent="Armature/Skeleton3D" index="61"]
transform = Transform3D(0.995329, -0.0960814, 0.00938778, 0.0962792, 0.995076, -0.0235369, -0.0070801, 0.0243308, 0.999679, 2.54516, 1.30864, -0.0193406)

[node name="Left Arm_006" parent="Armature/Skeleton3D/Left Arm_006" index="0"]
material_override = ExtResource("2_4rq6j")

[node name="Left Arm_005" parent="Armature/Skeleton3D" index="62"]
transform = Transform3D(1, 1.57952e-06, -2.54358e-08, -1.51992e-06, 1, -6.97157e-08, 2.11145e-08, 6.74029e-08, 1, 2.45973, 1.49565, -0.0164892)

[node name="Left Arm_005" parent="Armature/Skeleton3D/Left Arm_005" index="0"]
material_override = ExtResource("2_4rq6j")

[node name="Left Arm_004" parent="Armature/Skeleton3D" index="63"]
transform = Transform3D(1, 7.7486e-07, -1.97047e-08, -7.15256e-07, 1, -5.05764e-08, 1.53834e-08, 4.82637e-08, 1, 2.38864, 1.67621, -0.0164899)

[node name="Left Arm_004" parent="Armature/Skeleton3D/Left Arm_004" index="0"]
material_override = ExtResource("2_4rq6j")

[node name="Left Arm_003" parent="Armature/Skeleton3D" index="64"]
transform = Transform3D(1, 1.57952e-06, -2.70888e-08, -1.51992e-06, 1, -6.12047e-08, 2.27676e-08, 5.8892e-08, 1, 2.31756, 1.85677, -0.0164894)

[node name="Left Arm_003" parent="Armature/Skeleton3D/Left Arm_003" index="0"]
material_override = ExtResource("2_4rq6j")

[node name="Left Arm_002" parent="Armature/Skeleton3D" index="65"]
transform = Transform3D(1, 1.37091e-06, -2.66099e-08, -1.3113e-06, 1, -8.12356e-08, 2.22884e-08, 7.89228e-08, 1, 2.24647, 2.03733, -0.0164891)

[node name="Left Arm_002" parent="Armature/Skeleton3D/Left Arm_002" index="0"]
material_override = ExtResource("2_4rq6j")

[node name="Left Arm_001" parent="Armature/Skeleton3D" index="66"]
transform = Transform3D(1, -1.19209e-07, -3.80884e-08, 1.78814e-07, 1, -7.07392e-08, 3.37675e-08, 6.84266e-08, 1, 2.17539, 2.21789, -0.0164894)

[node name="Left Arm_001" parent="Armature/Skeleton3D/Left Arm_001" index="0"]
material_override = ExtResource("2_4rq6j")

[node name="Left Arm" parent="Armature/Skeleton3D" index="67"]
transform = Transform3D(1, 1.3113e-06, -2.19076e-07, -1.2517e-06, 1, -1.2159e-07, 2.14755e-07, 1.19278e-07, 1, 2.10431, 2.39846, -0.0164895)

[node name="Left Arm" parent="Armature/Skeleton3D/Left Arm" index="0"]
material_override = ExtResource("2_4rq6j")

[node name="Left Shoulder" parent="Armature/Skeleton3D" index="68"]
transform = Transform3D(1, -5.7161e-07, 1.86265e-08, 6.80047e-07, 1, -8.73115e-09, -1.95578e-08, 8.96398e-09, 1, 0.00468421, 2.3673, 0.0116159)

[node name="Finger End 1" parent="Armature/Skeleton3D" index="69"]
transform = Transform3D(0.999992, -0.00376654, -0.00127818, 0.00376716, 0.999992, 0.000518346, 0.0012762, -0.000523162, 0.999999, -4.12237, -1.52785, 0.00180208)

[node name="Finger End 1" parent="Armature/Skeleton3D/Finger End 1" index="0"]
material_override = ExtResource("2_4rq6j")

[node name="Finger Middle 1" parent="Armature/Skeleton3D" index="70"]
transform = Transform3D(0.999991, -0.00376627, -0.00127817, 0.00376683, 0.999992, 0.000518344, 0.00127619, -0.000523159, 0.999999, -3.95602, -1.31771, 0.00190647)

[node name="Finger Middle 1" parent="Armature/Skeleton3D/Finger Middle 1" index="0"]
material_override = ExtResource("2_4rq6j")

[node name="Finger Base 1" parent="Armature/Skeleton3D" index="71"]
transform = Transform3D(0.999991, -0.00376591, -0.00127818, 0.00376651, 0.999992, 0.000518352, 0.0012762, -0.000523167, 0.999999, -3.78337, -1.10008, 0.00228655)

[node name="Finger Base 1" parent="Armature/Skeleton3D/Finger Base 1" index="0"]
material_override = ExtResource("2_4rq6j")

[node name="Finger End 2" parent="Armature/Skeleton3D" index="72"]
