[gd_scene load_steps=6 format=3 uid="uid://bhdvfievnjoad"]

[ext_resource type="PackedScene" uid="uid://bl6kwhkyn8rve" path="res://Assets/Character/Robot.blend" id="1_01o4b"]
[ext_resource type="Material" uid="uid://c8ryhdqngecwg" path="res://Scenes/Models/Player/Player Material.tres" id="2_4rq6j"]
[ext_resource type="Material" uid="uid://t44bjlwkvkj6" path="res://Scenes/Models/Player/Player Toon Shader.tres" id="3_wigwt"]

[sub_resource type="StandardMaterial3D" id="StandardMaterial3D_yg4ii"]
emission_enabled = true
emission = Color(0.619926, 0.89149, 0.987234, 1)
emission_energy_multiplier = 3.41

[sub_resource type="StandardMaterial3D" id="StandardMaterial3D_i6yo6"]
emission_enabled = true
emission = Color(0.909246, 0.937035, 0.0974056, 1)
emission_energy_multiplier = 16.0

[node name="Robot" instance=ExtResource("1_01o4b")]

[node name="Armature" parent="." index="0"]
transform = Transform3D(0.2, 0, 0, 0, 0.2, 0, 0, 0, 0.2, 0, 1.026, 0.015)

[node name="Skeleton3D" parent="Armature" index="0"]
bones/1/rotation = Quaternion(-5.04041e-07, -2.94083e-07, 0.896632, -0.442776)
bones/1/scale = Vector3(1, 1, 1)
bones/2/rotation = Quaternion(0.31309, 0.634014, 0.634015, 0.31309)
bones/2/scale = Vector3(1, 1, 1)
bones/3/rotation = Quaternion(5.04041e-07, -2.94083e-07, 0.896632, 0.442776)
bones/3/scale = Vector3(1, 1, 1)
bones/4/rotation = Quaternion(-0.31309, 0.634014, 0.634015, -0.31309)
bones/4/scale = Vector3(1, 1, 1)
bones/6/rotation = Quaternion(0.663755, 0.325731, 0.604437, -0.296621)
bones/6/scale = Vector3(1, 1, 1)
bones/7/scale = Vector3(1, 1, 1)
bones/11/rotation = Quaternion(2.50173e-11, -0.00191784, 1.30485e-08, 0.999998)
bones/12/rotation = Quaternion(-2.7032e-11, 0.00191772, -1.40999e-08, 0.999998)
bones/15/rotation = Quaternion(2.41318e-11, -0.00912785, 2.64392e-09, 0.999958)
bones/15/scale = Vector3(1, 1, 1)
bones/16/rotation = Quaternion(0.000685566, 0.00910158, 0.0751118, 0.997133)
bones/16/scale = Vector3(1, 1, 1)
bones/17/rotation = Quaternion(0.707107, -3.69608e-08, 0.707107, 8.17007e-08)
bones/17/scale = Vector3(1, 1, 1)
bones/22/rotation = Quaternion(9.70403e-05, -0.707107, -9.74521e-05, 0.707106)
bones/22/scale = Vector3(1, 1, 1)
bones/23/rotation = Quaternion(-0.011588, -0.707012, 0.0115876, 0.707011)
bones/24/rotation = Quaternion(-0.00103319, -0.707106, 0.00103281, 0.707106)
bones/24/scale = Vector3(1, 1, 1)
bones/25/scale = Vector3(1, 1, 1)
bones/26/rotation = Quaternion(-0.00545056, -0.707086, 0.00545018, 0.707085)
bones/26/scale = Vector3(1, 1, 1)
bones/27/rotation = Quaternion(0.0053347, -0.700996, -0.00542726, 0.713125)
bones/28/rotation = Quaternion(-0.00554276, -0.713264, 0.00544593, 0.700853)
bones/29/rotation = Quaternion(0.00206213, -0.699771, -0.00210536, 0.714361)
bones/30/rotation = Quaternion(-0.316564, -0.309465, -0.671411, 0.594328)
bones/30/scale = Vector3(1, 1, 1)
bones/31/rotation = Quaternion(5.92255e-05, 0.000705645, 0.0836584, 0.996494)
bones/33/rotation = Quaternion(-0.498484, -0.498483, -0.501512, 0.501512)
bones/33/scale = Vector3(1, 1, 1)
bones/38/rotation = Quaternion(0.000705413, -5.92449e-05, 0.996494, -0.0836587)
bones/39/rotation = Quaternion(0.496456, 0.496455, -0.50352, 0.503519)
bones/39/scale = Vector3(1, 1, 1)
bones/40/rotation = Quaternion(0.663115, -0.325983, -0.604689, -0.297261)
bones/41/rotation = Quaternion(-0.316489, 0.310354, 0.671379, 0.593941)
bones/41/scale = Vector3(1, 1, 1)
bones/42/rotation = Quaternion(5.92629e-05, -0.000705604, -0.0836585, 0.996494)
bones/49/rotation = Quaternion(-0.000705376, -5.9282e-05, 0.996494, 0.0836592)
bones/49/scale = Vector3(0.999986, 1, 1)
bones/50/rotation = Quaternion(0.496456, -0.496455, 0.50352, 0.503519)
bones/51/rotation = Quaternion(-0.4407, -0.0413133, -0.0203091, 0.896473)
bones/55/rotation = Quaternion(2.50116e-11, 0.00191784, -1.30485e-08, 0.999998)
bones/56/rotation = Quaternion(-2.70358e-11, -0.00191772, 1.40999e-08, 0.999998)
bones/59/rotation = Quaternion(2.41293e-11, 0.00912785, -2.64392e-09, 0.999958)
bones/59/scale = Vector3(1, 1, 1)
bones/60/rotation = Quaternion(0.000685563, -0.00910156, -0.0751118, 0.997133)
bones/60/scale = Vector3(1, 1, 1)
bones/61/scale = Vector3(1, 1, 1)
bones/65/rotation = Quaternion(-0.00638967, -0.713503, 0.00627398, 0.700595)
bones/65/scale = Vector3(1, 1, 1)
bones/66/rotation = Quaternion(9.71941e-05, -0.707106, -9.73538e-05, 0.707107)
bones/66/scale = Vector3(1, 1, 1)
bones/67/rotation = Quaternion(-0.0115878, -0.707012, 0.0115877, 0.707012)
bones/68/scale = Vector3(1, 1, 1)
bones/69/rotation = Quaternion(-0.00326939, -0.708454, 0.00325681, 0.705742)
bones/69/scale = Vector3(1, 1, 1)
bones/70/rotation = Quaternion(-0.0054504, -0.707086, 0.00545025, 0.707086)
bones/70/scale = Vector3(1, 1, 1)
bones/71/rotation = Quaternion(-0.00068366, -0.707106, 0.000683486, 0.707107)
bones/71/scale = Vector3(1, 1, 1)
bones/72/rotation = Quaternion(0.000710733, -0.707106, -0.000710927, 0.707107)
bones/72/scale = Vector3(1, 1, 1)
bones/73/rotation = Quaternion(-0.00521119, -0.707087, 0.00521102, 0.707088)
bones/74/rotation = Quaternion(9.51347e-08, 3.91638e-08, 0.00725219, 0.999974)
bones/74/scale = Vector3(1, 1, 1)
bones/75/rotation = Quaternion(-9.42702e-08, 8.00424e-08, -0.00725219, 0.999974)
bones/75/scale = Vector3(1, 1, 1)
bones/79/rotation = Quaternion(0.707107, 0, 0, 0.707107)
bones/80/rotation = Quaternion(0.707107, 0, 0, 0.707107)
bones/82/rotation = Quaternion(-0.000422101, -0.0145584, -5.57534e-09, 0.999894)
bones/82/scale = Vector3(1, 1, 1)
bones/85/rotation = Quaternion(-0.000896317, 0.00168269, -0.717235, 0.696829)
bones/85/scale = Vector3(1, 1, 1)
bones/86/rotation = Quaternion(-0.00494084, 7.14922e-05, 0.297733, 0.954636)
bones/86/scale = Vector3(1, 1, 1)
bones/87/rotation = Quaternion(0.0178554, -0.0067216, -0.740963, 0.671275)
bones/87/scale = Vector3(1, 1, 1)
bones/88/rotation = Quaternion(-0.0143899, -0.00333229, -0.0540613, 0.998428)
bones/88/scale = Vector3(1, 1, 1)
bones/94/rotation = Quaternion(-0.0126537, 0.000662055, 0.0481497, 0.99876)
bones/96/rotation = Quaternion(-0.0163116, -0.0404168, 0.0533323, 0.997625)
bones/96/scale = Vector3(1, 1, 1)
bones/100/rotation = Quaternion(-6.28291e-09, -7.81915e-08, 0.00604859, 0.999982)
bones/100/scale = Vector3(1, 1, 1)
bones/103/rotation = Quaternion(-6.62427e-10, 1.44506e-07, 0.00087978, 1)
bones/104/rotation = Quaternion(0.000760361, 3.47925e-05, 0.94212, 0.335276)
bones/105/rotation = Quaternion(0.000760467, 3.55203e-05, 0.942414, 0.334447)
bones/105/scale = Vector3(1, 1, 1)
bones/106/rotation = Quaternion(0.000760168, 4.18156e-05, 0.945144, 0.326653)
bones/106/scale = Vector3(1, 1, 1)
bones/107/rotation = Quaternion(-8.77514e-08, 3.3197e-07, 0.0640607, 0.997946)
bones/108/rotation = Quaternion(1.39102e-08, -8.02659e-08, -0.00846498, 0.999964)
bones/109/rotation = Quaternion(-1.23116e-10, 1.42563e-07, 3.92348e-05, 1)
bones/110/rotation = Quaternion(0.000754385, 0.000100805, 0.967676, 0.252197)
bones/110/scale = Vector3(1, 1, 1)
bones/111/rotation = Quaternion(0.000754519, 0.000100882, 0.967685, 0.252159)
bones/111/scale = Vector3(1, 1, 1)
bones/112/rotation = Quaternion(0.000755274, 9.44659e-05, 0.965516, 0.260342)
bones/112/scale = Vector3(1, 1, 1)
bones/113/rotation = Quaternion(5.14655e-08, 4.24464e-07, -0.0351677, 0.999381)
bones/116/rotation = Quaternion(0.000147682, 0.000533438, 0.988183, 0.15328)
bones/117/rotation = Quaternion(0.000151512, 0.000532355, 0.987065, 0.160317)
bones/117/scale = Vector3(1, 1, 1)
bones/118/rotation = Quaternion(0.000154233, 0.000531606, 0.986257, 0.165218)
bones/118/scale = Vector3(1, 1, 1)
bones/119/rotation = Quaternion(7.624e-07, 8.13779e-07, -0.396704, 0.917946)
bones/120/rotation = Quaternion(2.39691e-09, -5.35418e-08, -0.0011728, 0.999999)
bones/121/rotation = Quaternion(-5.11208e-05, 0.000551986, 0.978457, -0.206448)
bones/122/rotation = Quaternion(-5.05271e-05, 0.000552031, 0.978699, -0.2053)
bones/122/scale = Vector3(1, 1, 1)
bones/123/rotation = Quaternion(-5.11024e-07, -1.8736e-07, 0.980485, 0.196593)
bones/123/scale = Vector3(1, 1, 1)
bones/124/rotation = Quaternion(-5.11024e-07, -1.8736e-07, 0.980485, 0.196593)
bones/124/scale = Vector3(1, 1, 1)
bones/125/rotation = Quaternion(-5.85364e-07, -1.89982e-07, 0.981656, 0.190659)
bones/125/scale = Vector3(1, 1, 1)
bones/126/rotation = Quaternion(-5.35081e-07, -1.93303e-07, 0.981656, 0.190659)
bones/126/scale = Vector3(1, 1, 1)
bones/127/rotation = Quaternion(-5.2844e-07, -1.86899e-07, 0.981656, 0.190659)
bones/128/rotation = Quaternion(-6.30902e-07, -1.94489e-07, 0.981656, 0.190659)
bones/128/scale = Vector3(1, 1, 1)
bones/129/rotation = Quaternion(-5.35333e-07, -1.81681e-07, 0.981656, 0.190659)
bones/130/rotation = Quaternion(5.27729e-09, -7.97671e-08, 0.981656, 0.190658)
bones/130/scale = Vector3(1, 1, 1)
bones/131/rotation = Quaternion(-5.31879e-07, -1.78279e-07, 0.981656, 0.190659)
bones/132/rotation = Quaternion(1.10289e-08, -8.44959e-08, 0.981656, 0.190658)
bones/132/scale = Vector3(1, 1, 1)
bones/133/rotation = Quaternion(-5.30338e-07, -1.81918e-07, 0.981656, 0.190659)
bones/133/scale = Vector3(1, 1, 1)
bones/134/rotation = Quaternion(-6.37781e-07, -2.09431e-07, 0.981656, 0.190659)
bones/134/scale = Vector3(1, 1, 1)
bones/135/rotation = Quaternion(-3.96567e-07, -1.59149e-07, 0.981656, 0.190658)
bones/135/scale = Vector3(1, 1, 1)
bones/136/rotation = Quaternion(-5.31286e-07, -1.97572e-07, 0.981656, 0.190659)
bones/136/scale = Vector3(1, 1, 1)
bones/137/rotation = Quaternion(0.00378579, -0.00543954, 0.470836, 0.882196)
bones/137/scale = Vector3(1, 1, 1)
bones/138/rotation = Quaternion(-0.00108472, -0.00157224, 0.707184, 0.707027)
bones/138/scale = Vector3(1, 1, 1)
bones/139/rotation = Quaternion(-0.00484098, -0.000232663, -0.297911, 0.954581)
bones/140/rotation = Quaternion(0.0154957, 0.00889632, 0.74314, 0.668897)
bones/140/scale = Vector3(1, 1, 1)
bones/141/rotation = Quaternion(-0.0146107, 0.000122842, 0.0508492, 0.998599)
bones/147/rotation = Quaternion(-0.0128944, -0.00640975, -0.0538938, 0.998443)
bones/147/scale = Vector3(1, 1, 1)
bones/148/rotation = Quaternion(0.0312352, -0.0266255, 0.113712, 0.992666)
bones/149/rotation = Quaternion(-0.0162229, 0.0331638, -0.0605798, 0.99748)
bones/149/scale = Vector3(1, 1, 1)
bones/153/rotation = Quaternion(-6.09949e-09, 7.80795e-08, -0.0060486, 0.999982)
bones/153/scale = Vector3(1, 1, 1)
bones/154/rotation = Quaternion(-1.56508e-07, -1.89241e-07, -0.133093, 0.991104)
bones/154/scale = Vector3(1, 1, 1)
bones/155/rotation = Quaternion(-1.45058e-08, -2.28915e-08, -0.00825755, 0.999966)
bones/156/rotation = Quaternion(-6.41562e-10, -1.4453e-07, -0.00087978, 1)
bones/157/rotation = Quaternion(0.00068973, -3.25084e-05, 0.941954, -0.33574)
bones/157/scale = Vector3(1, 1, 1)
bones/158/rotation = Quaternion(0.000689568, -3.30799e-05, 0.942249, -0.334911)
bones/158/scale = Vector3(0.999999, 1, 1)
bones/159/rotation = Quaternion(0.000689253, -3.87485e-05, 0.944983, -0.327119)
bones/159/scale = Vector3(0.999999, 1, 1)
bones/160/rotation = Quaternion(-8.27382e-08, -3.3349e-07, -0.0640607, 0.997946)
bones/163/rotation = Quaternion(0.000684394, -9.21667e-05, 0.967551, -0.252674)
bones/163/scale = Vector3(0.999999, 1, 1)
bones/164/rotation = Quaternion(0.000684251, -9.21571e-05, 0.967561, -0.252636)
bones/164/scale = Vector3(0.999999, 1, 1)
bones/165/rotation = Quaternion(0.000685081, -8.63907e-05, 0.965388, -0.260817)
bones/165/scale = Vector3(0.999999, 1, 1)
bones/166/rotation = Quaternion(4.92962e-08, -4.23882e-07, 0.0351676, 0.999381)
bones/167/rotation = Quaternion(1.06161e-08, -8.55839e-08, 0.00496715, 0.999988)
bones/168/rotation = Quaternion(1.42861e-08, -3.03825e-08, 0.00712437, 0.999975)
bones/169/rotation = Quaternion(0.000671498, -0.000161846, 0.988394, -0.151907)
bones/169/scale = Vector3(0.999999, 1, 1)
bones/170/rotation = Quaternion(0.000672597, -0.000157073, 0.987287, -0.158945)
bones/170/scale = Vector3(0.999999, 1, 1)
bones/171/rotation = Quaternion(0.000673281, -0.000153729, 0.986485, -0.163847)
bones/171/scale = Vector3(0.999999, 1, 1)
bones/172/rotation = Quaternion(7.5165e-07, -8.11006e-07, 0.396704, 0.917946)
bones/173/rotation = Quaternion(1.22299e-10, 5.35334e-08, 0.00117277, 0.999999)
bones/174/rotation = Quaternion(0.000571138, -0.000388286, 0.97817, 0.207807)
bones/174/scale = Vector3(0.999999, 1, 1)
bones/175/rotation = Quaternion(0.000571643, -0.00038759, 0.978413, 0.20666)
bones/175/scale = Vector3(0.999999, 1, 1)
bones/176/rotation = Quaternion(5.10074e-07, -1.76674e-07, 0.980485, -0.196593)
bones/176/scale = Vector3(1, 1, 1)
bones/177/rotation = Quaternion(5.10074e-07, -1.76674e-07, 0.980485, -0.196593)
bones/177/scale = Vector3(1, 1, 1)
bones/178/rotation = Quaternion(-7.91632e-08, 5.42035e-07, 0.00430811, 0.999991)
bones/179/rotation = Quaternion(-8.10258e-08, 5.97915e-07, 0.00430815, 0.999991)
bones/180/rotation = Quaternion(-6.70559e-08, 6.01174e-07, 0.00430815, 0.999991)
bones/181/rotation = Quaternion(-8.61481e-08, 5.44654e-07, 0.0043081, 0.999991)
bones/182/rotation = Quaternion(-8.61481e-08, 5.44654e-07, 0.0043081, 0.999991)
bones/183/rotation = Quaternion(-7.74824e-08, -1.28786e-08, 0.00430755, 0.999991)
bones/183/scale = Vector3(1, 1, 1)
bones/184/rotation = Quaternion(-6.71723e-08, 5.41802e-07, 0.00430814, 0.999991)
bones/185/rotation = Quaternion(-6.42619e-08, -1.30386e-08, 0.00430755, 0.999991)
bones/185/scale = Vector3(1, 1, 1)
bones/186/rotation = Quaternion(-6.28648e-08, 5.3831e-07, 0.00430814, 0.999991)
bones/187/rotation = Quaternion(-5.77426e-08, 6.55657e-07, 0.00430823, 0.999991)
bones/188/rotation = Quaternion(-6.89185e-08, 5.43897e-07, 0.00430811, 0.999991)
bones/189/rotation = Quaternion(-6.23992e-08, 5.40172e-07, 0.00430815, 0.999991)
bones/190/rotation = Quaternion(0.00378579, 0.00543954, -0.470836, 0.882196)
bones/190/scale = Vector3(1, 1, 1)
bones/192/scale = Vector3(1, 1, 1)

[node name="Lower Left Leg" parent="Armature/Skeleton3D" index="0"]
transform = Transform3D(1, 9.77307e-08, -8.94069e-08, -2.29124e-07, 0.988715, -0.149805, -4.08331e-08, 0.149805, 0.988715, 0.943304, -3.57423, -0.112719)

[node name="Lower Left Leg" parent="Armature/Skeleton3D/Lower Left Leg" index="0"]
material_override = ExtResource("3_wigwt")

[node name="Left Leg Joint Cutouts" parent="Armature/Skeleton3D" index="1"]
transform = Transform3D(1, 9.77307e-08, -8.94069e-08, -2.29124e-07, 0.988715, -0.149805, -4.08331e-08, 0.149805, 0.988715, 0.940695, -2.77144, -0.0586621)

[node name="Left Leg Joint Cutouts" parent="Armature/Skeleton3D/Left Leg Joint Cutouts" index="0"]
material_override = ExtResource("3_wigwt")

[node name="Lower Left Leg Joint" parent="Armature/Skeleton3D" index="2"]
transform = Transform3D(1, 9.77307e-08, -8.94069e-08, -2.29124e-07, 0.988715, -0.149805, -4.08331e-08, 0.149805, 0.988715, 0.952208, -2.6211, -0.0406435)

[node name="Lower Left Leg Joint" parent="Armature/Skeleton3D/Lower Left Leg Joint" index="0"]
surface_material_override/0 = ExtResource("3_wigwt")
surface_material_override/1 = SubResource("StandardMaterial3D_yg4ii")

[node name="Lower Left Leg Light" parent="Armature/Skeleton3D" index="3"]
transform = Transform3D(1, 9.77307e-08, -8.94069e-08, -2.29124e-07, 0.988715, -0.149805, -4.08331e-08, 0.149805, 0.988715, 1.22953, -3.38852, -0.284062)

[node name="Lower Left Leg Light" parent="Armature/Skeleton3D/Lower Left Leg Light" index="0"]
surface_material_override/0 = ExtResource("3_wigwt")
surface_material_override/1 = SubResource("StandardMaterial3D_i6yo6")

[node name="Limb Segment_018" parent="Armature/Skeleton3D" index="4"]
transform = Transform3D(0.99984, -0.0179094, -1.9744e-07, -0.0179095, -0.99984, -2.66057e-07, -3.07336e-07, 2.7896e-07, -1, 0.963423, -1.54742, -0.0164472)

[node name="Limb Segment_018" parent="Armature/Skeleton3D/Limb Segment_018" index="0"]
material_override = ExtResource("3_wigwt")

[node name="Limb Segment_017" parent="Armature/Skeleton3D" index="5"]
transform = Transform3D(1, 0.000275024, -1.31144e-07, 0.000274905, -1, -5.20546e-07, -2.46614e-07, 5.27948e-07, -1, 0.950512, -1.548, -0.0164471)

[node name="Limb Segment_017" parent="Armature/Skeleton3D/Limb Segment_017" index="0"]
material_override = ExtResource("3_wigwt")

[node name="Limb Segment_016" parent="Armature/Skeleton3D" index="6"]
transform = Transform3D(0.999463, -0.0327709, -2.50354e-07, -0.032771, -0.999463, -4.77166e-07, -3.68218e-07, 4.97052e-07, -1, 0.966752, -1.5486, -0.0164472)

[node name="Limb Segment_016" parent="Armature/Skeleton3D/Limb Segment_016" index="0"]
material_override = ExtResource("3_wigwt")

[node name="Limb Segment_015" parent="Armature/Skeleton3D" index="7"]
transform = Transform3D(0.999996, -0.00292179, 1.078e-07, -0.00292191, -0.999996, -5.03685e-07, -7.7909e-09, 5.11278e-07, -1, 0.959017, -1.54932, -0.0164473)

[node name="Limb Segment_015" parent="Armature/Skeleton3D/Limb Segment_015" index="0"]
material_override = ExtResource("3_wigwt")

[node name="Limb Segment_014" parent="Armature/Skeleton3D" index="8"]
transform = Transform3D(0.999958, -0.00922964, -6.26314e-08, -0.00922976, -0.999957, -2.41025e-07, -1.94414e-07, 2.49864e-07, -1, 0.959258, -1.54981, -0.0164473)

[node name="Limb Segment_014" parent="Armature/Skeleton3D/Limb Segment_014" index="0"]
material_override = ExtResource("3_wigwt")

[node name="Limb Segment_013" parent="Armature/Skeleton3D" index="9"]
transform = Transform3D(0.999882, -0.0154155, -1.31377e-07, -0.0154157, -0.999881, -4.94831e-07, -2.47523e-07, 5.06266e-07, -1, 0.958231, -1.55035, -0.0164472)

[node name="Limb Segment_013" parent="Armature/Skeleton3D/Limb Segment_013" index="0"]
material_override = ExtResource("3_wigwt")

[node name="Limb Segment_012" parent="Armature/Skeleton3D" index="10"]
transform = Transform3D(0.999738, 0.0152176, 0.0171529, 0.0152197, -0.999884, -2.83543e-07, 0.0171508, 0.000261352, -0.999853, 0.969035, -1.55056, -0.0161712)

[node name="Limb Segment_012" parent="Armature/Skeleton3D/Limb Segment_012" index="0"]
material_override = ExtResource("3_wigwt")

[node name="Limb Segment_011" parent="Armature/Skeleton3D" index="11"]
transform = Transform3D(0.999726, -0.0155381, -0.0175511, -0.0155406, -0.999879, -4.73696e-07, -0.0175492, 0.000273238, -0.999847, 0.953302, -1.55098, -0.0164537)

[node name="Limb Segment_011" parent="Armature/Skeleton3D/Limb Segment_011" index="0"]
material_override = ExtResource("3_wigwt")

[node name="Limb Segment_003" parent="Armature/Skeleton3D" index="12"]
transform = Transform3D(0.99977, 0.00589267, 0.0206317, 0.00589381, -0.999983, -3.10948e-07, 0.0206313, 0.000121917, -0.999788, 0.967595, -1.55127, -0.016145)

[node name="Limb Segment_003" parent="Armature/Skeleton3D/Limb Segment_003" index="0"]
material_override = ExtResource("3_wigwt")

[node name="Left Foot" parent="Armature/Skeleton3D" index="13"]
transform = Transform3D(0.999982, -6.08387e-07, 0.00605682, 3.74325e-07, 1, -1.66059e-07, -0.00605698, 1.17517e-07, 0.999982, 0.925025, -4.63847, 0.342217)

[node name="Left Foot" parent="Armature/Skeleton3D/Left Foot" index="0"]
material_override = ExtResource("3_wigwt")

[node name="Foot_005" parent="Armature/Skeleton3D" index="14"]
transform = Transform3D(0.999982, -6.08387e-07, 0.00605682, 3.74325e-07, 1, -1.66059e-07, -0.00605698, 1.17517e-07, 0.999982, 0.940106, -4.05737, 0.0554354)

[node name="Foot_005" parent="Armature/Skeleton3D/Foot_005" index="0"]
transform = Transform3D(1, 5.65206e-14, -4.65661e-10, 4.4964e-15, 1, -1.42109e-14, 0, -9.69006e-19, 1, 0.00855339, 0.00256896, -0.0261476)
material_override = ExtResource("3_wigwt")

[node name="Foot_006" parent="Armature/Skeleton3D" index="15"]
transform = Transform3D(0.999982, -6.08387e-07, 0.00605682, 3.74325e-07, 1, -1.66059e-07, -0.00605698, 1.17517e-07, 0.999982, 0.943907, -4.99231, 0.682795)

[node name="Foot_007" parent="Armature/Skeleton3D" index="16"]
transform = Transform3D(0.999982, -6.08387e-07, 0.00605682, 3.74325e-07, 1, -1.66059e-07, -0.00605698, 1.17517e-07, 0.999982, 0.936812, -4.99231, -0.488551)

[node name="Left Foot Joint" parent="Armature/Skeleton3D" index="17"]
transform = Transform3D(0.999982, -6.08387e-07, 0.00605682, 3.74325e-07, 1, -1.66059e-07, -0.00605698, 1.17517e-07, 0.999982, 1.36246, -4.33935, 0.0669376)

[node name="Left Foot Joint" parent="Armature/Skeleton3D/Left Foot Joint" index="0"]
surface_material_override/0 = ExtResource("3_wigwt")
surface_material_override/1 = SubResource("StandardMaterial3D_yg4ii")

[node name="Right Foot" parent="Armature/Skeleton3D" index="18"]
transform = Transform3D(0.999962, -1.85566e-07, -0.00872105, 3.12906e-07, 1, 3.57152e-07, 0.00872107, -2.55158e-07, 0.999962, -0.916609, -4.63847, 0.342352)

[node name="Right Foot" parent="Armature/Skeleton3D/Right Foot" index="0"]
material_override = ExtResource("3_wigwt")

[node name="Foot" parent="Armature/Skeleton3D" index="19"]
transform = Transform3D(0.999962, -1.85566e-07, -0.00872105, 3.12906e-07, 1, 3.57152e-07, 0.00872107, -2.55158e-07, 0.999962, -0.930927, -4.05737, 0.0555312)

[node name="Foot" parent="Armature/Skeleton3D/Foot" index="0"]
material_override = ExtResource("3_wigwt")

[node name="Foot_001" parent="Armature/Skeleton3D" index="20"]
transform = Transform3D(0.999962, -1.85566e-07, -0.00872105, 3.12906e-07, 1, 3.57152e-07, 0.00872107, -2.55158e-07, 0.999962, -0.936398, -4.99231, 0.682879)

[node name="Foot_002" parent="Armature/Skeleton3D" index="21"]
transform = Transform3D(0.999962, -1.85566e-07, -0.00872105, 3.12906e-07, 1, 3.57152e-07, 0.00872107, -2.55158e-07, 0.999962, -0.926183, -4.99231, -0.488444)

[node name="Right Foot Joint" parent="Armature/Skeleton3D" index="22"]
transform = Transform3D(0.999962, -1.85566e-07, -0.00872105, 3.12906e-07, 1, 3.57152e-07, 0.00872107, -2.55158e-07, 0.999962, -1.35331, -4.33935, 0.0659084)

[node name="Right Foot Joint" parent="Armature/Skeleton3D/Right Foot Joint" index="0"]
surface_material_override/0 = ExtResource("3_wigwt")
surface_material_override/1 = SubResource("StandardMaterial3D_yg4ii")

[node name="Lower Right Leg" parent="Armature/Skeleton3D" index="23"]
transform = Transform3D(1, -2.6077e-08, -1.99303e-07, 4.78764e-09, 0.988715, -0.149806, 1.66401e-07, 0.149806, 0.988715, -0.933935, -3.57422, -0.112718)

[node name="Lower Right Leg" parent="Armature/Skeleton3D/Lower Right Leg" index="0"]
material_override = ExtResource("3_wigwt")

[node name="Lower Right Leg Joint" parent="Armature/Skeleton3D" index="24"]
transform = Transform3D(1, -2.6077e-08, -1.99303e-07, 4.78764e-09, 0.988715, -0.149806, 1.66401e-07, 0.149806, 0.988715, -0.942838, -2.6211, -0.0406432)

[node name="Lower Right Leg Joint" parent="Armature/Skeleton3D/Lower Right Leg Joint" index="0"]
surface_material_override/0 = ExtResource("3_wigwt")
surface_material_override/1 = SubResource("StandardMaterial3D_yg4ii")

[node name="Lower Right Leg Light" parent="Armature/Skeleton3D" index="25"]
transform = Transform3D(1, -2.6077e-08, -1.99303e-07, 4.78764e-09, 0.988715, -0.149806, 1.66401e-07, 0.149806, 0.988715, -1.22015, -3.38852, -0.284062)

[node name="Lower Right Leg Light" parent="Armature/Skeleton3D/Lower Right Leg Light" index="0"]
surface_material_override/0 = ExtResource("3_wigwt")
surface_material_override/1 = SubResource("StandardMaterial3D_i6yo6")

[node name="Right Leg Joint Cutouts" parent="Armature/Skeleton3D" index="26"]
transform = Transform3D(1, -2.6077e-08, -1.99303e-07, 4.78764e-09, 0.988715, -0.149806, 1.66401e-07, 0.149806, 0.988715, -0.931325, -2.77144, -0.058662)

[node name="Right Leg Joint Cutouts" parent="Armature/Skeleton3D/Right Leg Joint Cutouts" index="0"]
material_override = ExtResource("3_wigwt")

[node name="Limb Segment_010" parent="Armature/Skeleton3D" index="27"]
transform = Transform3D(-0.99984, 0.0179091, 8.3819e-08, -0.0179091, -0.999839, -2.42445e-07, 1.86265e-09, -2.28087e-07, 1, -0.954083, -1.54669, -0.0144896)

[node name="Limb Segment_010" parent="Armature/Skeleton3D/Limb Segment_010" index="0"]
material_override = ExtResource("3_wigwt")

[node name="Limb Segment_009" parent="Armature/Skeleton3D" index="28"]
transform = Transform3D(-1, -0.000275132, -1.49771e-07, 0.000275132, -1, -3.10077e-07, -1.75829e-07, -2.9525e-07, 1, -0.941159, -1.54744, -0.0144894)

[node name="Limb Segment_009" parent="Armature/Skeleton3D/Limb Segment_009" index="0"]
material_override = ExtResource("3_wigwt")

[node name="Limb Segment_008" parent="Armature/Skeleton3D" index="29"]
transform = Transform3D(-0.999463, 0.0327708, -3.05618e-08, -0.0327708, -0.999463, -3.0887e-07, -5.95133e-08, -2.91205e-07, 1, -0.957424, -1.54772, -0.0144895)

[node name="Limb Segment_008" parent="Armature/Skeleton3D/Limb Segment_008" index="0"]
material_override = ExtResource("3_wigwt")

[node name="Limb Segment_007" parent="Armature/Skeleton3D" index="30"]
transform = Transform3D(-0.999996, 0.00292174, -3.05009e-08, -0.00292174, -0.999995, -2.98299e-07, -5.67288e-08, -2.83171e-07, 1, -0.949667, -1.54872, -0.0144896)

[node name="Limb Segment_007" parent="Armature/Skeleton3D/Limb Segment_007" index="0"]
material_override = ExtResource("3_wigwt")

[node name="Limb Segment_006" parent="Armature/Skeleton3D" index="31"]
transform = Transform3D(-0.999958, 0.00922936, 1.56695e-07, -0.00922936, -0.999957, -1.83658e-07, 1.73924e-07, -1.69355e-07, 1, -0.949911, -1.54915, -0.0144896)

[node name="Limb Segment_006" parent="Armature/Skeleton3D/Limb Segment_006" index="0"]
material_override = ExtResource("3_wigwt")

[node name="Limb Segment_005" parent="Armature/Skeleton3D" index="32"]
transform = Transform3D(-0.999881, 0.0154154, 2.88101e-08, -0.0154154, -0.999881, -2.85152e-07, 1.84104e-09, -2.6923e-07, 1, -0.948889, -1.54963, -0.0144896)

[node name="Limb Segment_005" parent="Armature/Skeleton3D/Limb Segment_005" index="0"]
material_override = ExtResource("3_wigwt")

[node name="Limb Segment_004" parent="Armature/Skeleton3D" index="33"]
transform = Transform3D(-0.999998, 0.00193344, -2.69213e-07, -0.00193343, -0.999998, -3.36606e-07, -2.95434e-07, -3.21126e-07, 1, -0.95363, -1.5502, -0.0144895)

[node name="Limb Segment_004" parent="Armature/Skeleton3D/Limb Segment_004" index="0"]
material_override = ExtResource("3_wigwt")

[node name="Limb Segment_001" parent="Armature/Skeleton3D" index="34"]
transform = Transform3D(-0.999998, -0.00201053, 2.88102e-08, 0.00201053, -0.999998, -3.67012e-07, 2.8885e-09, -3.52187e-07, 1, -0.955641, -1.5505, -0.0144895)

[node name="Limb Segment_001" parent="Armature/Skeleton3D/Limb Segment_001" index="0"]
material_override = ExtResource("3_wigwt")

[node name="Limb Segment_002" parent="Armature/Skeleton3D" index="35"]
transform = Transform3D(-0.999892, 0.0147388, -1.2666e-07, -0.0147388, -0.999891, -3.1339e-07, -1.53547e-07, -2.96688e-07, 1, -0.94451, -1.55072, -0.0144895)

[node name="Limb Segment_002" parent="Armature/Skeleton3D/Limb Segment_002" index="0"]
material_override = ExtResource("3_wigwt")

[node name="Head_2" parent="Armature/Skeleton3D" index="36"]
transform = Transform3D(1, -1.40063e-09, 1.44951e-12, -6.04994e-09, 1, 3.43405e-08, -1.39266e-12, -3.43405e-08, 1, 0.00468185, 4.36677, 0.258839)

[node name="Head_2" parent="Armature/Skeleton3D/Head_2" index="0"]
transform = Transform3D(1, 1.81899e-12, -8.73115e-11, 3.63843e-12, 1, -1.49012e-08, -5.82077e-11, 0, 1, -0.0443553, -0.0147696, 0.000644565)
material_override = ExtResource("3_wigwt")

[node name="Inner Eye Lights" parent="Armature/Skeleton3D" index="37"]
transform = Transform3D(1, 1.44951e-12, 1.40063e-09, -6.04994e-09, 3.43405e-08, -1, -1.39266e-12, 1, 3.43405e-08, 0.00468475, 4.42553, 0.749813)

[node name="Inner Eye Lights" parent="Armature/Skeleton3D/Inner Eye Lights" index="0"]
surface_material_override/0 = SubResource("StandardMaterial3D_i6yo6")

[node name="Lights 2" parent="Armature/Skeleton3D" index="38"]
transform = Transform3D(1, 1.44951e-12, 1.40063e-09, -6.04994e-09, 3.43405e-08, -1, -1.39266e-12, 1, 3.43405e-08, 0.00468456, 4.41193, 0.72831)

[node name="Lights 2" parent="Armature/Skeleton3D/Lights 2" index="0"]
surface_material_override/0 = SubResource("StandardMaterial3D_yg4ii")

[node name="Right Arm_012" parent="Armature/Skeleton3D" index="39"]
transform = Transform3D(1, -1.39335e-09, -2.23465e-08, -6.05722e-09, 1, 3.45786e-08, 2.23465e-08, -3.45785e-08, 1, -0.0203595, 3.34207, -0.0144376)

[node name="Right Arm_012" parent="Armature/Skeleton3D/Right Arm_012" index="0"]
material_override = ExtResource("3_wigwt")

[node name="Main Body_2" parent="Armature/Skeleton3D" index="40"]
transform = Transform3D(0.999576, 1.23011e-05, -0.0291134, 1.22716e-05, 0.999999, 0.000844112, 0.0291134, -0.000844111, 0.999576, 0.00468406, 2.3673, 0.0116158)

[node name="Main Body_2" parent="Armature/Skeleton3D/Main Body_2" index="0"]
transform = Transform3D(1, 0, -1.86265e-09, 2.32831e-10, 1, 7.45058e-09, 1.86265e-09, 7.45058e-09, 1, 0, 0, 0)
material_override = ExtResource("3_wigwt")

[node name="Reactor Casing" parent="Armature/Skeleton3D" index="41"]
transform = Transform3D(0.999576, 1.23011e-05, -0.0291134, 1.22716e-05, 0.999999, 0.000844112, 0.0291134, -0.000844111, 0.999576, -0.0410304, 2.4427, 1.58114)

[node name="Reactor Casing" parent="Armature/Skeleton3D/Reactor Casing" index="0"]
surface_material_override/0 = ExtResource("3_wigwt")
surface_material_override/1 = SubResource("StandardMaterial3D_yg4ii")

[node name="Reactor" parent="Armature/Skeleton3D" index="42"]
transform = Transform3D(0.999576, 1.23011e-05, -0.0291134, 1.22716e-05, 0.999999, 0.000844112, 0.0291134, -0.000844111, 0.999576, -0.0428475, 2.46961, 1.64352)

[node name="Finger End 1_001" parent="Armature/Skeleton3D" index="43"]
transform = Transform3D(0.999995, 0.00277907, -0.00141233, -0.00277978, 0.999996, -0.000572732, 0.00141072, 0.00057666, 0.999998, 4.1359, -1.52574, -0.0326642)

[node name="Finger End 1_001" parent="Armature/Skeleton3D/Finger End 1_001" index="0"]
material_override = ExtResource("3_wigwt")

[node name="Finger Middle 1_001" parent="Armature/Skeleton3D" index="44"]
transform = Transform3D(0.999995, 0.00277898, -0.00141233, -0.00277972, 0.999996, -0.000572752, 0.00141072, 0.000576679, 0.999998, 3.96934, -1.31577, -0.0327796)

[node name="Finger Middle 1_001" parent="Armature/Skeleton3D/Finger Middle 1_001" index="0"]
material_override = ExtResource("3_wigwt")

[node name="Finger Base 1_001" parent="Armature/Skeleton3D" index="45"]
transform = Transform3D(0.999995, 0.00277874, -0.00141233, -0.0027794, 0.999996, -0.00057275, 0.00141072, 0.000576677, 0.999998, 3.79648, -1.09831, -0.0331719)

[node name="Finger Base 1_001" parent="Armature/Skeleton3D/Finger Base 1_001" index="0"]
material_override = ExtResource("3_wigwt")

[node name="Finger End 2_001" parent="Armature/Skeleton3D" index="46"]
transform = Transform3D(0.999995, 0.00277916, -0.00141235, -0.00278005, 0.999997, -0.000572704, 0.00141074, 0.000576632, 0.999998, 3.86806, -1.69888, -0.0331418)

[node name="Finger End 2_001" parent="Armature/Skeleton3D/Finger End 2_001" index="0"]
material_override = ExtResource("3_wigwt")

[node name="Finger Middle 2_001" parent="Armature/Skeleton3D" index="47"]
transform = Transform3D(0.999995, 0.0027791, -0.00141235, -0.00277999, 0.999996, -0.000572726, 0.00141074, 0.000576653, 0.999998, 3.73892, -1.46404, -0.0331906)

[node name="Finger Middle 2_001" parent="Armature/Skeleton3D/Finger Middle 2_001" index="0"]
transform = Transform3D(1, 0, 2.98023e-08, 0, 1, 2.23517e-08, -4.47035e-08, -1.49012e-08, 1, 0, 0, 0)
material_override = ExtResource("3_wigwt")

[node name="Finger Base 2_001" parent="Armature/Skeleton3D" index="48"]
transform = Transform3D(0.999995, 0.00277951, -0.00141235, -0.00278026, 0.999997, -0.000572742, 0.00141074, 0.000576671, 0.999998, 3.6093, -1.22908, -0.0341987)

[node name="Finger Base 2_001" parent="Armature/Skeleton3D/Finger Base 2_001" index="0"]
material_override = ExtResource("3_wigwt")

[node name="Finger End 3_001" parent="Armature/Skeleton3D" index="49"]
transform = Transform3D(0.999979, 0.00654363, -0.000137564, -0.00654361, 0.999979, -0.00109944, 0.000130353, 0.00110032, 0.999999, 3.57433, -1.81343, -0.0333241)

[node name="Finger End 3_001" parent="Armature/Skeleton3D/Finger End 3_001" index="0"]
material_override = ExtResource("3_wigwt")

[node name="Finger Middle 3_001" parent="Armature/Skeleton3D" index="50"]
transform = Transform3D(0.99998, 0.0065436, -0.00013757, -0.00654355, 0.999978, -0.00109943, 0.000130359, 0.00110031, 0.999999, 3.4925, -1.55821, -0.0333211)

[node name="Finger Middle 3_001" parent="Armature/Skeleton3D/Finger Middle 3_001" index="0"]
material_override = ExtResource("3_wigwt")

[node name="Finger Base 3_001" parent="Armature/Skeleton3D" index="51"]
transform = Transform3D(0.99998, 0.00654363, -0.000137553, -0.00654364, 0.999978, -0.00109944, 0.000130342, 0.00110032, 0.999999, 3.40087, -1.27632, -0.0340922)

[node name="Finger Base 3_001" parent="Armature/Skeleton3D/Finger Base 3_001" index="0"]
material_override = ExtResource("3_wigwt")

[node name="Finger End 4_001" parent="Armature/Skeleton3D" index="52"]
transform = Transform3D(0.999979, 0.0065434, -0.00013755, -0.00654337, 0.999979, -0.00109947, 0.000130339, 0.00110035, 0.999999, 3.03929, -1.51168, -0.0333795)

[node name="Finger End 4_001" parent="Armature/Skeleton3D/Finger End 4_001" index="0"]
material_override = ExtResource("3_wigwt")

[node name="Finger Base 4_001" parent="Armature/Skeleton3D" index="53"]
transform = Transform3D(0.999979, 0.00654348, -0.000137539, -0.00654349, 0.999978, -0.00109942, 0.000130328, 0.0011003, 0.999999, 3.18568, -1.18489, -0.0373402)

[node name="Finger Base 4_001" parent="Armature/Skeleton3D/Finger Base 4_001" index="0"]
material_override = ExtResource("3_wigwt")

[node name="Left Hand_001" parent="Armature/Skeleton3D" index="54"]
transform = Transform3D(0.999999, 2.98029e-08, -3.56258e-08, 8.94075e-08, 1, 3.33022e-08, 2.14131e-08, -2.95806e-08, 0.999999, 3.55168, -1.33455, 0.0046361)

[node name="Left Hand_001" parent="Armature/Skeleton3D/Left Hand_001" index="0"]
material_override = ExtResource("2_4rq6j")

[node name="Left Wrist Guard" parent="Armature/Skeleton3D" index="55"]
transform = Transform3D(0.999999, 2.98029e-08, -3.56258e-08, 8.94075e-08, 1, 3.33022e-08, 2.14131e-08, -2.95806e-08, 0.999999, 3.25001, -0.409153, 0.0388637)

[node name="Left Wrist Guard" parent="Armature/Skeleton3D/Left Wrist Guard" index="0"]
material_override = ExtResource("3_wigwt")

[node name="Left Arm_011" parent="Armature/Skeleton3D" index="56"]
transform = Transform3D(0.999999, 1.1921e-07, -3.66838e-08, 2.08617e-07, 1, 1.33822e-08, 2.24712e-08, -9.66048e-09, 0.999999, 2.88623, 0.412286, -0.0164893)

[node name="Left Arm_011" parent="Armature/Skeleton3D/Left Arm_011" index="0"]
transform = Transform3D(1, 0, 0, 0, 1, 1.49012e-08, 7.45058e-09, 1.49012e-08, 1, 0, 0, 0)
material_override = ExtResource("3_wigwt")

[node name="Left Arm_010" parent="Armature/Skeleton3D" index="57"]
transform = Transform3D(0.999999, 1.49012e-07, -3.30476e-08, 1.78814e-07, 0.999999, 4.25572e-08, 1.88352e-08, -3.88355e-08, 0.999999, 2.81514, 0.592847, -0.0164885)

[node name="Left Arm_010" parent="Armature/Skeleton3D/Left Arm_010" index="0"]
material_override = ExtResource("3_wigwt")

[node name="Left Arm_009" parent="Armature/Skeleton3D" index="58"]
transform = Transform3D(0.999999, -5.96041e-08, -4.36445e-08, 3.57628e-07, 0.999999, 2.74519e-08, 2.9432e-08, -2.37302e-08, 0.999999, 2.74406, 0.773407, -0.0164888)

[node name="Left Arm_009" parent="Armature/Skeleton3D/Left Arm_009" index="0"]
material_override = ExtResource("3_wigwt")

[node name="Left Arm_008" parent="Armature/Skeleton3D" index="59"]
transform = Transform3D(1, 7.32704e-13, -1.26954e-08, 2.68222e-07, 1, 4.01826e-09, -1.51704e-09, -2.96609e-10, 1, 2.67298, 0.953968, -0.0164893)

[node name="Left Arm_008" parent="Armature/Skeleton3D/Left Arm_008" index="0"]
material_override = ExtResource("3_wigwt")

[node name="Left Arm_007" parent="Armature/Skeleton3D" index="60"]
transform = Transform3D(0.990512, 0.106411, -0.0869619, -0.106411, 0.994311, 0.00464229, 0.0869612, 0.00465546, 0.996201, 2.61142, 1.13771, -0.0190918)

[node name="Left Arm_007" parent="Armature/Skeleton3D/Left Arm_007" index="0"]
material_override = ExtResource("3_wigwt")

[node name="Left Arm_006" parent="Armature/Skeleton3D" index="61"]
transform = Transform3D(0.995329, -0.0960823, 0.00938784, 0.0962801, 0.995076, -0.0235368, -0.00708014, 0.0243308, 0.999678, 2.54516, 1.30864, -0.01934)

[node name="Left Arm_006" parent="Armature/Skeleton3D/Left Arm_006" index="0"]
material_override = ExtResource("3_wigwt")

[node name="Left Arm_005" parent="Armature/Skeleton3D" index="62"]
transform = Transform3D(0.999999, -1.49011e-07, -1.23143e-08, 3.57628e-07, 0.999999, 9.85165e-09, 1.49479e-08, -7.9034e-09, 1, 2.45973, 1.49565, -0.0164892)

[node name="Left Arm_005" parent="Armature/Skeleton3D/Left Arm_005" index="0"]
material_override = ExtResource("3_wigwt")

[node name="Left Arm_004" parent="Armature/Skeleton3D" index="63"]
transform = Transform3D(1, -7.38101e-15, -8.22271e-09, 1.78814e-07, 1, 3.61931e-08, 1.08564e-08, -3.42448e-08, 1, 2.38864, 1.67621, -0.0164897)

[node name="Left Arm_004" parent="Armature/Skeleton3D/Left Arm_004" index="0"]
material_override = ExtResource("3_wigwt")

[node name="Left Arm_003" parent="Armature/Skeleton3D" index="64"]
transform = Transform3D(1, 2.98029e-08, -1.67288e-08, 2.08617e-07, 1, 1.64088e-08, 1.93623e-08, -1.44605e-08, 1, 2.31756, 1.85677, -0.016489)

[node name="Left Arm_003" parent="Armature/Skeleton3D/Left Arm_003" index="0"]
material_override = ExtResource("3_wigwt")

[node name="Left Arm_002" parent="Armature/Skeleton3D" index="65"]
transform = Transform3D(1, -2.98016e-08, -1.29023e-09, 2.38419e-07, 1, 2.63439e-08, 3.92413e-09, -2.43955e-08, 1, 2.24647, 2.03733, -0.0164893)

[node name="Left Arm_002" parent="Armature/Skeleton3D/Left Arm_002" index="0"]
material_override = ExtResource("3_wigwt")

[node name="Left Arm_001" parent="Armature/Skeleton3D" index="66"]
transform = Transform3D(0.999999, -1.19209e-07, -3.71147e-08, 2.68221e-07, 0.999999, 2.53459e-08, 3.97485e-08, -2.33976e-08, 1, 2.17539, 2.21789, -0.016489)

[node name="Left Arm_001" parent="Armature/Skeleton3D/Left Arm_001" index="0"]
material_override = ExtResource("3_wigwt")

[node name="Left Arm" parent="Armature/Skeleton3D" index="67"]
transform = Transform3D(1, -2.6822e-07, -2.03861e-07, 4.76838e-07, 1, -2.4188e-08, 2.06495e-07, 2.61364e-08, 1, 2.10431, 2.39845, -0.0164892)

[node name="Left Arm" parent="Armature/Skeleton3D/Left Arm" index="0"]
material_override = ExtResource("3_wigwt")

[node name="Left Shoulder" parent="Armature/Skeleton3D" index="68"]
transform = Transform3D(1, -3.03364e-07, 2.32831e-08, 4.11734e-07, 1, -1.32713e-08, -2.23517e-08, 1.36206e-08, 1, 0.00468409, 2.3673, 0.0116159)

[node name="Left Shoulder" parent="Armature/Skeleton3D/Left Shoulder" index="0"]
material_override = ExtResource("3_wigwt")

[node name="Finger End 1" parent="Armature/Skeleton3D" index="69"]
transform = Transform3D(0.999992, -0.00376526, -0.00127817, 0.0037654, 0.999992, 0.000518358, 0.00127619, -0.000523165, 0.999999, -4.12237, -1.52784, 0.00180211)

[node name="Finger End 1" parent="Armature/Skeleton3D/Finger End 1" index="0"]
material_override = ExtResource("3_wigwt")

[node name="Finger Middle 1" parent="Armature/Skeleton3D" index="70"]
transform = Transform3D(0.999991, -0.00376535, -0.00127816, 0.00376543, 0.999992, 0.000518386, 0.00127619, -0.000523193, 0.999999, -3.95602, -1.31771, 0.00190642)

[node name="Finger Middle 1" parent="Armature/Skeleton3D/Finger Middle 1" index="0"]
material_override = ExtResource("3_wigwt")

[node name="Finger Base 1" parent="Armature/Skeleton3D" index="71"]
transform = Transform3D(0.999991, -0.00376594, -0.00127816, 0.00376603, 0.999992, 0.000518379, 0.00127619, -0.000523186, 0.999999, -3.78338, -1.10008, 0.00228691)

[node name="Finger Base 1" parent="Armature/Skeleton3D/Finger Base 1" index="0"]
material_override = ExtResource("3_wigwt")

[node name="Finger End 2" parent="Armature/Skeleton3D" index="72"]
