[gd_scene load_steps=36 format=3 uid="uid://bd2s4wf2tu7sm"]

[ext_resource type="Script" path="res://Scenes/Models/Player/Player.gd" id="1_dvppb"]
[ext_resource type="Resource" uid="uid://c08l7gnjmjaqu" path="res://Scenes/Models/Player/MovementStates/run.tres" id="2_mml65"]
[ext_resource type="Resource" uid="uid://difpuuckqhvsv" path="res://Scenes/Models/Player/MovementStates/stand.tres" id="3_moa87"]
[ext_resource type="Resource" uid="uid://brvevs4yorhgf" path="res://Scenes/Models/Player/MovementStates/walk.tres" id="4_vttyl"]
[ext_resource type="Resource" uid="uid://bl52gdpkd3csn" path="res://Scenes/Models/Player/JumpStates/jump.tres" id="5_qm2u8"]
[ext_resource type="Resource" uid="uid://dnvfiisdtrht" path="res://Scenes/Models/Player/GlideStates/glide.tres" id="6_mtxa7"]
[ext_resource type="Script" path="res://Scenes/Models/Player/audio_controller.gd" id="7_7iij5"]
[ext_resource type="Script" path="res://Scenes/Models/Player/movement_controller.gd" id="8_j5sic"]
[ext_resource type="Script" path="res://Scenes/Models/Player/animation_controller.gd" id="9_eodew"]
[ext_resource type="PackedScene" uid="uid://bhdvfievnjoad" path="res://Scenes/Models/Player/Player.tscn" id="10_5kxhf"]
[ext_resource type="PackedScene" uid="uid://enjqiqwhpu7" path="res://Scenes/Models/Player/Glider.tscn" id="11_inerc"]
[ext_resource type="Script" path="res://Scenes/Models/Player/Glider.gd" id="12_sntr0"]
[ext_resource type="Script" path="res://Scenes/Models/Player/camera_controller.gd" id="13_j0ncc"]
[ext_resource type="Script" path="res://Scenes/Models/Player/SpringArm3D.gd" id="14_jlokr"]
[ext_resource type="Texture2D" uid="uid://dt0nnojl3rji0" path="res://Assets/Character/Textures/Damage Overlay.png" id="15_4lvj7"]
[ext_resource type="AudioStream" uid="uid://pt0u3r8i0vdg" path="res://Assets/Sound/Effects/damage.wav" id="16_0wh5x"]
[ext_resource type="Shader" path="res://Scenes/Models/Player/SpeedOverlay.gdshader" id="16_1v2vt"]
[ext_resource type="AudioStream" uid="uid://0mnwvfvadsp4" path="res://Assets/Sound/Music/Song 1.wav" id="17_vstat"]

[sub_resource type="CapsuleShape3D" id="CapsuleShape3D_ny02q"]

[sub_resource type="AnimationNodeAnimation" id="AnimationNodeAnimation_uhh3q"]
animation = &"Falling"

[sub_resource type="AnimationNodeAnimation" id="AnimationNodeAnimation_4lju0"]
animation = &"Glide"

[sub_resource type="AnimationNodeAnimation" id="AnimationNodeAnimation_6t4by"]
animation = &"Jump"

[sub_resource type="AnimationNodeBlend2" id="AnimationNodeBlend2_p55mh"]

[sub_resource type="AnimationNodeOneShot" id="AnimationNodeOneShot_rmhht"]

[sub_resource type="AnimationNodeTimeScale" id="AnimationNodeTimeScale_qoddc"]

[sub_resource type="AnimationNodeAnimation" id="AnimationNodeAnimation_sivxs"]
animation = &"Idle"

[sub_resource type="AnimationNodeAnimation" id="AnimationNodeAnimation_wbm5n"]
animation = &"Walk"

[sub_resource type="AnimationNodeAnimation" id="AnimationNodeAnimation_ci5d5"]
animation = &"Running"

[sub_resource type="AnimationNodeBlendSpace1D" id="AnimationNodeBlendSpace1D_h2nin"]
blend_point_0/node = SubResource("AnimationNodeAnimation_sivxs")
blend_point_0/pos = 0.0
blend_point_1/node = SubResource("AnimationNodeAnimation_wbm5n")
blend_point_1/pos = 1.0
blend_point_2/node = SubResource("AnimationNodeAnimation_ci5d5")
blend_point_2/pos = 2.0
min_space = 0.0
max_space = 3.0
snap = 1.0

[sub_resource type="AnimationNodeBlend2" id="AnimationNodeBlend2_gxhi5"]

[sub_resource type="AnimationNodeBlendTree" id="AnimationNodeBlendTree_0fiv8"]
graph_offset = Vector2(39.6885, 312.508)
nodes/Animation/node = SubResource("AnimationNodeAnimation_6t4by")
nodes/Animation/position = Vector2(400, 400)
"nodes/Animation 2/node" = SubResource("AnimationNodeAnimation_uhh3q")
"nodes/Animation 2/position" = Vector2(120, 620)
"nodes/Animation 3/node" = SubResource("AnimationNodeAnimation_4lju0")
"nodes/Animation 3/position" = Vector2(140, 740)
nodes/is_gliding/node = SubResource("AnimationNodeBlend2_p55mh")
nodes/is_gliding/position = Vector2(660, 580)
nodes/jump/node = SubResource("AnimationNodeOneShot_rmhht")
nodes/jump/position = Vector2(1200, 520)
nodes/movement_anim_speed/node = SubResource("AnimationNodeTimeScale_qoddc")
nodes/movement_anim_speed/position = Vector2(660, 1000)
nodes/movement_blend/node = SubResource("AnimationNodeBlendSpace1D_h2nin")
nodes/movement_blend/position = Vector2(400, 1040)
nodes/on_floor_blend/node = SubResource("AnimationNodeBlend2_gxhi5")
nodes/on_floor_blend/position = Vector2(1580, 720)
nodes/output/position = Vector2(1860, 660)
node_connections = [&"is_gliding", 0, &"Animation 2", &"is_gliding", 1, &"Animation 3", &"jump", 0, &"movement_anim_speed", &"jump", 1, &"Animation", &"movement_anim_speed", 0, &"movement_blend", &"on_floor_blend", 0, &"is_gliding", &"on_floor_blend", 1, &"jump", &"output", 0, &"on_floor_blend"]

[sub_resource type="SphereShape3D" id="SphereShape3D_fbxo0"]
radius = 0.07

[sub_resource type="FastNoiseLite" id="FastNoiseLite_aw0s0"]

[sub_resource type="NoiseTexture2D" id="NoiseTexture2D_ow4ag"]
width = 1024
height = 1024
noise = SubResource("FastNoiseLite_aw0s0")

[sub_resource type="ShaderMaterial" id="ShaderMaterial_5ddcd"]
shader = ExtResource("16_1v2vt")
shader_parameter/line_color = Color(0.450648, 0.450648, 0.450648, 1)
shader_parameter/line_count = 2.0
shader_parameter/line_density = 0.096
shader_parameter/line_falloff = 1.0
shader_parameter/mask_size = 0.299
shader_parameter/mask_edge = 0.367
shader_parameter/animation_speed = 3.74
shader_parameter/noise = SubResource("NoiseTexture2D_ow4ag")

[node name="Player" type="CharacterBody3D"]
transform = Transform3D(1, 0, 0, 0, 1, 0, 0, 0, 1, 0, 1, 0)
script = ExtResource("1_dvppb")
movement_states = {
"run": ExtResource("2_mml65"),
"stand": ExtResource("3_moa87"),
"walk": ExtResource("4_vttyl")
}
jump_states = {
"jump": ExtResource("5_qm2u8")
}
glide_states = {
"glide": ExtResource("6_mtxa7")
}

[node name="AudioController" type="Node" parent="." node_paths=PackedStringArray("fall_damage_player", "main_song", "sound_effects", "player")]
script = ExtResource("7_7iij5")
fall_damage_player = NodePath("../FallDamage")
main_song = NodePath("../Main Song")
sound_effects = NodePath("../SoundEffects")
player = NodePath("..")

[node name="MovementController" type="Node" parent="." node_paths=PackedStringArray("player", "mesh_root", "hurt_overlay", "speed_overlay")]
script = ExtResource("8_j5sic")
player = NodePath("..")
mesh_root = NodePath("../MeshRoot")
hurt_overlay = NodePath("../HurtOverlay")
speed_overlay = NodePath("../SpeedOverlay")
glide_states = {
"glide": ExtResource("6_mtxa7")
}

[node name="AnimationController" type="Node" parent="." node_paths=PackedStringArray("animation_tree", "player")]
script = ExtResource("9_eodew")
animation_tree = NodePath("../MeshRoot/AnimationTree")
player = NodePath("..")

[node name="CollisionShape3D" type="CollisionShape3D" parent="."]
shape = SubResource("CapsuleShape3D_ny02q")

[node name="MeshRoot" type="Node3D" parent="."]

[node name="Robot" parent="MeshRoot" instance=ExtResource("10_5kxhf")]
transform = Transform3D(1, 0, 0, 0, 1, 0, 0, 0, 1, 0, -1.02912, 0)

[node name="Skeleton3D" parent="MeshRoot/Robot/Armature" index="0"]
bones/1/position = Vector3(2.455, 8.43869, 3.16529)
bones/3/position = Vector3(-2.46437, 8.43869, 3.16529)
bones/5/position = Vector3(0, 5.70156, 0)
bones/5/rotation = Quaternion(0.0703003, 0, 0, 0.997526)
bones/7/rotation = Quaternion(-0.445968, 0.0917099, 0.0601519, 0.888304)
bones/8/rotation = Quaternion(8.19424e-08, 1.2034e-07, -0.084849, 0.996394)
bones/9/rotation = Quaternion(3.28225e-08, -2.38148e-07, -0.063335, 0.997992)
bones/10/rotation = Quaternion(1.90119e-08, 2.39059e-07, -0.0380976, 0.999274)
bones/11/rotation = Quaternion(-1.17175e-05, -0.0019178, -0.0061122, 0.999979)
bones/12/rotation = Quaternion(5.6093e-05, 0.0019169, 0.0292565, 0.99957)
bones/13/rotation = Quaternion(-3.88328e-08, 1.20105e-07, 0.0655169, 0.997851)
bones/14/rotation = Quaternion(-1.05843e-07, 3.5761e-07, 0.09867, 0.99512)
bones/15/rotation = Quaternion(0.00112007, -0.00905885, 0.122723, 0.992399)
bones/16/rotation = Quaternion(0.00192577, 0.00892187, 0.210991, 0.977445)
bones/31/position = Vector3(-1.1933, 3.03994, -2.26788)
bones/32/position = Vector3(0.0409813, -0.261409, -5.76169e-05)
bones/32/rotation = Quaternion(0.000113419, 0.000698987, 0.160203, 0.987084)
bones/42/position = Vector3(-2.74655, 2.26939, -1.63384)
bones/43/position = Vector3(-0.0409653, -0.261383, -5.77883e-05)
bones/43/rotation = Quaternion(-0.000157933, -0.000690231, 0.223101, 0.974795)
bones/52/rotation = Quaternion(-0.381969, 0.251044, 0.515995, 0.724449)
bones/53/rotation = Quaternion(3.79192e-08, -1.0463e-07, 0.0994709, 0.995041)
bones/54/rotation = Quaternion(3.98065e-08, 2.36451e-07, 0.0743943, 0.997229)
bones/55/rotation = Quaternion(2.33106e-08, -2.38251e-07, 0.0448449, 0.998994)
bones/56/rotation = Quaternion(-1.3819e-05, 0.00191779, 0.00720692, 0.999972)
bones/57/rotation = Quaternion(6.58922e-05, -0.00191659, -0.03437, 0.999407)
bones/58/rotation = Quaternion(-5.39647e-08, -1.21369e-07, -0.0768155, 0.997045)
bones/59/rotation = Quaternion(-1.33717e-07, -3.559e-07, -0.115628, 0.993293)
bones/60/rotation = Quaternion(0.00130756, 0.00903368, -0.143267, 0.989642)
bones/61/rotation = Quaternion(0.00212163, -0.00887731, -0.232451, 0.972565)
bones/76/rotation = Quaternion(0.0592395, -0.000235748, 0.00724406, 0.998218)
bones/79/rotation = Quaternion(0.183378, 1.70435e-06, 7.61408e-05, 0.983043)
bones/87/rotation = Quaternion(-0.000896317, 0.00168269, -0.717235, 0.696829)
bones/88/rotation = Quaternion(-0.00494084, 7.14921e-05, 0.297733, 0.954636)
bones/89/rotation = Quaternion(0.52878, -0.424946, -0.165139, 0.71592)
bones/90/rotation = Quaternion(-0.00207246, -0.00334011, -0.00783028, 0.999962)
bones/91/rotation = Quaternion(0.00182163, 2.00848e-07, 0.00680353, 0.999975)
bones/92/rotation = Quaternion(-0.000194959, 4.84237e-06, -0.000390787, 1)
bones/93/rotation = Quaternion(-0.000286623, 4.71048e-06, -0.000444881, 1)
bones/94/rotation = Quaternion(5.61461e-05, -1.05998e-07, -0.000615754, 1)
bones/95/rotation = Quaternion(0.00155009, -2.91675e-06, -0.00580586, 0.999982)
bones/96/rotation = Quaternion(-0.00497294, 0.000658843, 0.0190801, 0.999805)
bones/97/rotation = Quaternion(0.00869774, 0.0397979, -0.0283107, 0.998769)
bones/98/rotation = Quaternion(-0.00666238, -0.04047, 0.0217891, 0.998921)
bones/99/rotation = Quaternion(0.00171292, -3.04611e-07, -0.00655342, 0.999977)
bones/100/rotation = Quaternion(0.000179275, -2.51457e-08, -0.000698349, 1)
bones/102/rotation = Quaternion(-6.28291e-09, -7.81915e-08, 0.00604859, 0.999982)
bones/105/rotation = Quaternion(-6.62427e-10, 1.44506e-07, 0.00087978, 1)
bones/109/rotation = Quaternion(-8.77514e-08, 3.3197e-07, 0.0640607, 0.997946)
bones/110/rotation = Quaternion(1.39102e-08, -8.02659e-08, -0.00846498, 0.999964)
bones/111/rotation = Quaternion(-1.23116e-10, 1.42563e-07, 3.92348e-05, 1)
bones/115/rotation = Quaternion(5.14655e-08, 4.24464e-07, -0.0351677, 0.999381)
bones/121/rotation = Quaternion(7.624e-07, 8.13779e-07, -0.396704, 0.917946)
bones/122/rotation = Quaternion(2.39691e-09, -5.35418e-08, -0.0011728, 0.999999)
bones/140/rotation = Quaternion(-0.00108472, -0.00157224, 0.707184, 0.707027)
bones/141/rotation = Quaternion(-0.00484098, -0.000232663, -0.297911, 0.954581)
bones/142/rotation = Quaternion(0.528608, 0.424591, 0.165709, 0.716126)
bones/143/rotation = Quaternion(-0.00161217, 0.000125805, 0.00566776, 0.999983)
bones/144/rotation = Quaternion(0.00152979, -1.66975e-07, -0.0053136, 0.999985)
bones/145/rotation = Quaternion(-0.000259948, -4.92711e-06, 0.000656254, 1)
bones/146/rotation = Quaternion(-0.00025809, -4.8241e-06, 0.000205244, 1)
bones/147/rotation = Quaternion(9.99786e-06, 2.00035e-07, 0.000196448, 1)
bones/148/rotation = Quaternion(0.00144456, 3.05097e-06, 0.00603126, 0.999981)
bones/149/rotation = Quaternion(-0.0042737, -0.00641461, -0.0179905, 0.999808)
bones/150/rotation = Quaternion(0.00728551, -0.0268001, 0.0264981, 0.999263)
bones/151/rotation = Quaternion(-0.00563094, 0.0332222, -0.0210139, 0.999211)
bones/152/rotation = Quaternion(0.00160057, 3.19791e-07, 0.00690656, 0.999975)
bones/153/rotation = Quaternion(7.9737e-05, 2.70083e-08, 0.000355281, 1)
bones/155/rotation = Quaternion(-6.09949e-09, 7.80795e-08, -0.0060486, 0.999982)
bones/156/rotation = Quaternion(-1.56508e-07, -1.89241e-07, -0.133093, 0.991104)
bones/157/rotation = Quaternion(-1.45058e-08, -2.28915e-08, -0.00825755, 0.999966)
bones/158/rotation = Quaternion(-6.41562e-10, -1.4453e-07, -0.00087978, 1)
bones/162/rotation = Quaternion(-8.27381e-08, -3.3349e-07, -0.0640607, 0.997946)
bones/168/rotation = Quaternion(4.92962e-08, -4.23882e-07, 0.0351676, 0.999381)
bones/169/rotation = Quaternion(1.06161e-08, -8.55839e-08, 0.00496715, 0.999988)
bones/170/rotation = Quaternion(1.42861e-08, -3.03825e-08, 0.00712437, 0.999975)
bones/174/rotation = Quaternion(7.5165e-07, -8.11006e-07, 0.396704, 0.917946)
bones/175/rotation = Quaternion(1.22299e-10, 5.35334e-08, 0.00117277, 0.999999)

[node name="Lower Left Leg" parent="MeshRoot/Robot/Armature/Skeleton3D" index="0"]
transform = Transform3D(0.998281, -0.0226002, -0.0540829, -0.0297889, 0.599025, -0.800176, 0.050481, 0.800412, 0.597322, 0.922248, -2.92725, -1.1737)

[node name="Left Leg Joint Cutouts" parent="MeshRoot/Robot/Armature/Skeleton3D" index="1"]
transform = Transform3D(0.998281, -0.0226002, -0.0540829, -0.0297889, 0.599025, -0.800176, 0.050481, 0.800412, 0.597322, 0.905135, -2.39339, -0.571954)

[node name="Lower Left Leg Joint" parent="MeshRoot/Robot/Armature/Skeleton3D" index="2"]
transform = Transform3D(0.998281, -0.0226002, -0.0540829, -0.0297889, 0.599025, -0.800176, 0.050481, 0.800412, 0.597322, 0.913463, -2.29931, -0.453042)

[node name="Lower Left Leg Joint" parent="MeshRoot/Robot/Armature/Skeleton3D/Lower Left Leg Joint" index="0"]
transform = Transform3D(1, -3.72529e-09, -3.72529e-09, -1.86265e-09, 1, -2.98023e-08, 0, -2.98023e-08, 1, 0, 0, 0)

[node name="Lower Left Leg Light" parent="MeshRoot/Robot/Armature/Skeleton3D" index="3"]
transform = Transform3D(0.998281, -0.0226002, -0.0540829, -0.0297889, 0.599025, -0.800176, 0.050481, 0.800412, 0.597322, 1.21507, -2.68334, -1.15064)

[node name="Limb Segment_018" parent="MeshRoot/Robot/Armature/Skeleton3D" index="4"]
transform = Transform3D(0.99809, -0.0195994, 0.0585908, -0.0454688, -0.875084, 0.48183, 0.0418281, -0.483574, -0.874304, 0.92269, -1.40158, 0.116395)

[node name="Limb Segment_017" parent="MeshRoot/Robot/Armature/Skeleton3D" index="5"]
transform = Transform3D(0.998285, -0.0156672, 0.0564055, -0.0295229, -0.966759, 0.25398, 0.0505511, -0.25521, -0.965563, 0.919895, -1.33732, -0.0461745)

[node name="Limb Segment_016" parent="MeshRoot/Robot/Armature/Skeleton3D" index="6"]
transform = Transform3D(0.996869, -0.0594083, 0.0521759, -0.0624716, -0.99629, 0.0591872, 0.0484659, -0.0622613, -0.996883, 0.941382, -1.32331, -0.14112)

[node name="Limb Segment_015" parent="MeshRoot/Robot/Armature/Skeleton3D" index="7"]
transform = Transform3D(0.998179, -0.0362177, 0.048237, -0.0327016, -0.996884, -0.0717861, 0.0506864, 0.0700781, -0.996253, 0.935347, -1.32415, -0.175475)

[node name="Limb Segment_014" parent="MeshRoot/Robot/Armature/Skeleton3D" index="8"]
transform = Transform3D(0.997905, -0.0452775, 0.0462062, -0.0389347, -0.990753, -0.129974, 0.0516636, 0.127903, -0.99044, 0.935674, -1.32492, -0.177639)

[node name="Limb Segment_013" parent="MeshRoot/Robot/Armature/Skeleton3D" index="9"]
transform = Transform3D(0.997615, -0.0508825, 0.0466435, -0.0450865, -0.992007, -0.11785, 0.052267, 0.115466, -0.991936, 0.934724, -1.32567, -0.179634)

[node name="Limb Segment_012" parent="MeshRoot/Robot/Armature/Skeleton3D" index="10"]
transform = Transform3D(0.997659, -0.016661, 0.0663274, -0.0138621, -0.999003, -0.0424368, 0.0669681, 0.0414181, -0.996895, 0.946777, -1.32826, -0.205497)

[node name="Limb Segment_011" parent="MeshRoot/Robot/Armature/Skeleton3D" index="11"]
transform = Transform3D(0.99854, -0.0408895, 0.0353128, -0.0437728, -0.995405, 0.0851624, 0.031668, -0.0865836, -0.995742, 0.934382, -1.32671, -0.271121)

[node name="Limb Segment_003" parent="MeshRoot/Robot/Armature/Skeleton3D" index="12"]
transform = Transform3D(0.996983, -0.0101907, 0.0769554, -0.0292767, -0.967501, 0.251169, 0.0718946, -0.252664, -0.96488, 0.954813, -1.30828, -0.381166)

[node name="Left Foot" parent="MeshRoot/Robot/Armature/Skeleton3D" index="13"]
transform = Transform3D(0.999982, -1.57114e-06, 0.00605715, 0.00176242, 0.956804, -0.290729, -0.00579531, 0.290735, 0.956786, 0.925029, -3.82013, -1.30953)

[node name="Foot_005" parent="MeshRoot/Robot/Armature/Skeleton3D" index="14"]
transform = Transform3D(0.999982, -1.57114e-06, 0.00605715, 0.00176242, 0.956804, -0.290729, -0.00579531, 0.290735, 0.956786, 0.940109, -3.18076, -1.41498)

[node name="Foot_006" parent="MeshRoot/Robot/Armature/Skeleton3D" index="15"]
transform = Transform3D(0.999982, -1.57114e-06, 0.00605715, 0.00176242, 0.956804, -0.290729, -0.00579531, 0.290735, 0.956786, 0.943911, -4.2577, -1.08654)

[node name="Foot_007" parent="MeshRoot/Robot/Armature/Skeleton3D" index="16"]
transform = Transform3D(0.999982, -1.57114e-06, 0.00605715, 0.00176242, 0.956804, -0.290729, -0.00579531, 0.290735, 0.956786, 0.936816, -3.91715, -2.20729)

[node name="Left Foot Joint" parent="MeshRoot/Robot/Armature/Skeleton3D" index="17"]
transform = Transform3D(0.999982, -1.57114e-06, 0.00605715, 0.00176242, 0.956804, -0.290729, -0.00579531, 0.290735, 0.956786, 1.36246, -3.45389, -1.48596)

[node name="Right Foot" parent="MeshRoot/Robot/Armature/Skeleton3D" index="18"]
transform = Transform3D(0.999962, 3.62052e-07, -0.00872141, 0.00400236, 0.888474, 0.45891, 0.00774903, -0.458927, 0.88844, -0.916612, -2.6139, 2.8835)

[node name="Foot" parent="MeshRoot/Robot/Armature/Skeleton3D" index="19"]
transform = Transform3D(0.999962, 3.62052e-07, -0.00872141, 0.00400236, 0.888474, 0.45891, 0.00774903, -0.458927, 0.88844, -0.93093, -2.22924, 2.36199)

[node name="Foot_001" parent="MeshRoot/Robot/Armature/Skeleton3D" index="20"]
transform = Transform3D(0.999962, 3.62052e-07, -0.00872141, 0.00400236, 0.888474, 0.45891, 0.00774903, -0.458927, 0.88844, -0.936401, -2.772, 3.34844)

[node name="Foot_002" parent="MeshRoot/Robot/Armature/Skeleton3D" index="21"]
transform = Transform3D(0.999962, 3.62052e-07, -0.00872141, 0.00400236, 0.888474, 0.45891, 0.00774903, -0.458927, 0.88844, -0.926185, -3.30955, 2.30775)

[node name="Right Foot Joint" parent="MeshRoot/Robot/Armature/Skeleton3D" index="22"]
transform = Transform3D(0.999962, 3.62052e-07, -0.00872141, 0.00400236, 0.888474, 0.45891, 0.00774903, -0.458927, 0.88844, -1.35331, -2.47501, 2.50061)

[node name="Lower Right Leg" parent="MeshRoot/Robot/Armature/Skeleton3D" index="23"]
transform = Transform3D(0.999118, -0.0181637, -0.0378747, 0.0314003, 0.921874, 0.386215, 0.0279007, -0.387063, 0.921631, -0.950545, -1.89086, 1.93855)

[node name="Lower Right Leg Joint" parent="MeshRoot/Robot/Armature/Skeleton3D" index="24"]
transform = Transform3D(0.999118, -0.0181637, -0.0378747, 0.0314003, 0.921874, 0.386215, 0.0279007, -0.387063, 0.921631, -0.974045, -1.04006, 1.50345)

[node name="Lower Right Leg Light" parent="MeshRoot/Robot/Armature/Skeleton3D" index="25"]
transform = Transform3D(0.999118, -0.0181637, -0.0378747, 0.0314003, 0.921874, 0.386215, 0.0279007, -0.387063, 0.921631, -1.23191, -1.83042, 1.68766)

[node name="Right Leg Joint Cutouts" parent="MeshRoot/Robot/Armature/Skeleton3D" index="26"]
transform = Transform3D(0.999118, -0.0181637, -0.0378747, 0.0314003, 0.921874, 0.386215, 0.0279007, -0.387063, 0.921631, -0.959972, -1.17741, 1.56669)

[node name="Limb Segment_010" parent="MeshRoot/Robot/Armature/Skeleton3D" index="27"]
transform = Transform3D(-0.998974, 0.0169675, -0.0419939, -0.0429925, -0.646936, 0.761331, -0.0142496, 0.762356, 0.647002, -0.987359, -0.299271, 0.743477)

[node name="Limb Segment_009" parent="MeshRoot/Robot/Armature/Skeleton3D" index="28"]
transform = Transform3D(-0.999114, -0.0130722, -0.0400083, -0.0312888, -0.405119, 0.913728, -0.0281527, 0.914171, 0.404351, -0.96601, -0.471516, 0.63602)

[node name="Limb Segment_008" parent="MeshRoot/Robot/Armature/Skeleton3D" index="29"]
transform = Transform3D(-0.99929, 0.0111083, -0.0359982, -0.0374254, -0.183261, 0.982352, 0.00431509, 0.983002, 0.183547, -0.977905, -0.58069, 0.60193)

[node name="Limb Segment_007" parent="MeshRoot/Robot/Armature/Skeleton3D" index="30"]
transform = Transform3D(-0.999192, -0.0239848, -0.0322585, -0.0314929, -0.0316476, 0.999003, -0.0249819, 0.999211, 0.0308665, -0.968807, -0.620273, 0.598688)

[node name="Limb Segment_006" parent="MeshRoot/Robot/Armature/Skeleton3D" index="31"]
transform = Transform3D(-0.999344, -0.0198342, -0.0303336, -0.0310573, 0.0372549, 0.998823, -0.0186809, 0.999109, -0.0378466, -0.968978, -0.622958, 0.599053)

[node name="Limb Segment_005" parent="MeshRoot/Robot/Armature/Skeleton3D" index="32"]
transform = Transform3D(-0.99944, -0.0132112, -0.030749, -0.0310481, 0.0230476, 0.999252, -0.0124927, 0.999647, -0.023445, -0.967898, -0.625288, 0.599649)

[node name="Limb Segment_004" parent="MeshRoot/Robot/Armature/Skeleton3D" index="33"]
transform = Transform3D(-0.999166, -0.0238143, -0.0331912, -0.0315311, -0.0669963, 0.997255, -0.0259727, 0.997469, 0.0661894, -0.971644, -0.65694, 0.599494)

[node name="Limb Segment_001" parent="MeshRoot/Robot/Armature/Skeleton3D" index="34"]
transform = Transform3D(-0.999074, -0.0225452, -0.0366435, -0.0309702, -0.214347, 0.976267, -0.0298647, 0.976498, 0.21345, -0.971008, -0.732135, 0.589248)

[node name="Limb Segment_002" parent="MeshRoot/Robot/Armature/Skeleton3D" index="35"]
transform = Transform3D(-0.999199, 0.00185062, -0.039983, -0.0373411, -0.402794, 0.914529, -0.0144125, 0.915289, 0.40254, -0.954804, -0.857499, 0.549038)

[node name="Head_2" parent="MeshRoot/Robot/Armature/Skeleton3D" index="36"]
transform = Transform3D(1, 3.57814e-06, 0.000387767, 0.000224962, 0.809141, -0.587614, -0.000315861, 0.587615, 0.809141, 0.00482485, 4.13059, 1.49627)

[node name="Inner Eye Lights" parent="MeshRoot/Robot/Armature/Skeleton3D" index="37"]
transform = Transform3D(1, 0.000387767, -3.57814e-06, 0.000224962, -0.587614, -0.809141, -0.000315861, 0.809141, -0.587615, 0.00501836, 3.88963, 1.92807)

[node name="Lights 2" parent="MeshRoot/Robot/Armature/Skeleton3D" index="38"]
transform = Transform3D(1, 0.000387767, -3.57814e-06, 0.000224962, -0.587614, -0.809141, -0.000315861, 0.809141, -0.587615, 0.00500979, 3.89127, 1.90268)

[node name="Right Arm_012" parent="MeshRoot/Robot/Armature/Skeleton3D" index="39"]
transform = Transform3D(1, 1.3768e-05, 0.000387533, 8.60442e-05, 0.966578, -0.25637, -0.000378111, 0.25637, 0.966579, -0.0203262, 3.46228, 0.673417)

[node name="Main Body_2" parent="MeshRoot/Robot/Armature/Skeleton3D" index="40"]
transform = Transform3D(0.999587, 2.57424e-05, -0.0287259, -0.0073659, 0.966795, -0.255448, 0.0277655, 0.255554, 0.966396, 0.00471405, 2.51341, 0.448688)

[node name="Reactor Casing" parent="MeshRoot/Robot/Armature/Skeleton3D" index="41"]
transform = Transform3D(0.999587, 2.57424e-05, -0.0287259, -0.0073659, 0.966795, -0.255448, 0.0277655, 0.255554, 0.966396, -0.040391, 2.1839, 1.98511)

[node name="Reactor" parent="MeshRoot/Robot/Armature/Skeleton3D" index="42"]
transform = Transform3D(0.999587, 2.57424e-05, -0.0287259, -0.0073659, 0.966795, -0.255448, 0.0277655, 0.255554, 0.966396, -0.0421835, 2.19392, 2.0523)

[node name="Finger End 1_001" parent="MeshRoot/Robot/Armature/Skeleton3D" index="43"]
transform = Transform3D(0.307418, -0.105823, -0.945672, 0.93401, 0.223625, 0.278602, 0.181993, -0.968915, 0.167585, 3.04392, 4.07244, 5.15437)

[node name="Finger Middle 1_001" parent="MeshRoot/Robot/Armature/Skeleton3D" index="44"]
transform = Transform3D(0.307417, -0.105823, -0.945672, 0.934009, 0.223625, 0.278602, 0.181994, -0.968913, 0.167585, 2.97037, 3.96318, 4.92096)

[node name="Finger Base 1_001" parent="MeshRoot/Robot/Armature/Skeleton3D" index="45"]
transform = Transform3D(0.307417, -0.105823, -0.945672, 0.934009, 0.223624, 0.278602, 0.181992, -0.968914, 0.167585, 2.89434, 3.84961, 4.67911)

[node name="Finger End 2_001" parent="MeshRoot/Robot/Armature/Skeleton3D" index="46"]
transform = Transform3D(0.307417, -0.105823, -0.945672, 0.934009, 0.223624, 0.278602, 0.181993, -0.968914, 0.167585, 2.98014, 3.78384, 5.2742)

[node name="Finger Middle 2_001" parent="MeshRoot/Robot/Armature/Skeleton3D" index="47"]
transform = Transform3D(0.307417, -0.105823, -0.945672, 0.934009, 0.223624, 0.278602, 0.181993, -0.968914, 0.167585, 2.91542, 3.71505, 5.02338)

[node name="Finger Base 2_001" parent="MeshRoot/Robot/Armature/Skeleton3D" index="48"]
transform = Transform3D(0.307417, -0.105822, -0.945672, 0.934009, 0.223625, 0.278602, 0.181994, -0.968913, 0.167585, 2.85145, 3.64556, 4.77221)

[node name="Finger End 3_001" parent="MeshRoot/Robot/Armature/Skeleton3D" index="49"]
transform = Transform3D(0.309022, -0.105155, -0.945224, 0.932804, 0.227284, 0.279676, 0.185424, -0.968135, 0.168324, 2.90186, 3.48408, 5.33263)

[node name="Finger Middle 3_001" parent="MeshRoot/Robot/Armature/Skeleton3D" index="50"]
transform = Transform3D(0.309023, -0.105154, -0.945224, 0.932805, 0.227285, 0.279676, 0.185426, -0.968135, 0.168324, 2.84953, 3.464, 5.07054)

[node name="Finger Base 3_001" parent="MeshRoot/Robot/Armature/Skeleton3D" index="51"]
transform = Transform3D(0.309022, -0.105154, -0.945224, 0.932803, 0.227285, 0.279676, 0.185426, -0.968134, 0.168324, 2.79208, 3.44045, 4.7807)

[node name="Finger End 4_001" parent="MeshRoot/Robot/Armature/Skeleton3D" index="52"]
transform = Transform3D(0.309022, -0.105155, -0.945224, 0.932804, 0.227284, 0.279676, 0.185424, -0.968134, 0.168324, 2.70485, 3.05086, 4.94426)

[node name="Finger Base 4_001" parent="MeshRoot/Robot/Armature/Skeleton3D" index="53"]
transform = Transform3D(0.309022, -0.105155, -0.945224, 0.932804, 0.227284, 0.279676, 0.185425, -0.968134, 0.168324, 2.71907, 3.25869, 4.65298)

[node name="Left Hand_001" parent="MeshRoot/Robot/Armature/Skeleton3D" index="54"]
transform = Transform3D(0.308457, -0.106135, -0.945298, 0.934232, 0.220868, 0.280048, 0.179063, -0.969511, 0.167283, 2.80817, 3.57932, 4.87064)

[node name="Left Wrist Guard" parent="MeshRoot/Robot/Armature/Skeleton3D" index="55"]
transform = Transform3D(0.308457, -0.106135, -0.945298, 0.934232, 0.220868, 0.280048, 0.179063, -0.969511, 0.167283, 2.58454, 3.51147, 3.92517)

[node name="Left Arm_011" parent="MeshRoot/Robot/Armature/Skeleton3D" index="56"]
transform = Transform3D(0.308457, -0.106135, -0.945298, 0.934232, 0.220868, 0.280048, 0.179064, -0.969511, 0.167283, 2.43747, 3.33754, 3.05437)

[node name="Left Arm_010" parent="MeshRoot/Robot/Armature/Skeleton3D" index="57"]
transform = Transform3D(0.308457, -0.106135, -0.945299, 0.934232, 0.220868, 0.280048, 0.179064, -0.969511, 0.167283, 2.39638, 3.31101, 2.86659)

[node name="Left Arm_009" parent="MeshRoot/Robot/Armature/Skeleton3D" index="58"]
transform = Transform3D(0.308435, -0.10688, -0.945222, 0.934502, 0.219657, 0.2801, 0.177687, -0.969705, 0.16763, 2.35523, 3.28437, 2.67884)

[node name="Left Arm_008" parent="MeshRoot/Robot/Armature/Skeleton3D" index="59"]
transform = Transform3D(0.3082, -0.113923, -0.944476, 0.936947, 0.208283, 0.28062, 0.164749, -0.971411, 0.170933, 2.31342, 3.25655, 2.49144)

[node name="Left Arm_007" parent="MeshRoot/Robot/Armature/Skeleton3D" index="60"]
transform = Transform3D(0.236813, -0.119176, -0.964218, 0.946168, 0.253684, 0.201024, 0.220649, -0.959917, 0.172836, 2.27298, 3.2312, 2.30338)

[node name="Left Arm_006" parent="MeshRoot/Robot/Armature/Skeleton3D" index="61"]
transform = Transform3D(0.306718, -0.121531, -0.94401, 0.939602, 0.196939, 0.279932, 0.151892, -0.972854, 0.174595, 2.23406, 3.20616, 2.12519)

[node name="Left Arm_005" parent="MeshRoot/Robot/Armature/Skeleton3D" index="62"]
transform = Transform3D(0.308594, -0.100605, -0.945858, 0.932155, 0.229942, 0.279666, 0.189357, -0.96799, 0.164738, 2.18934, 3.176, 1.92638)

[node name="Left Arm_004" parent="MeshRoot/Robot/Armature/Skeleton3D" index="63"]
transform = Transform3D(0.308481, -0.106909, -0.945204, 0.934444, 0.219908, 0.280096, 0.177913, -0.969645, 0.167737, 2.14868, 3.15031, 1.73833)

[node name="Left Arm_003" parent="MeshRoot/Robot/Armature/Skeleton3D" index="64"]
transform = Transform3D(0.308389, -0.107386, -0.94518, 0.934702, 0.218788, 0.280113, 0.176713, -0.969845, 0.167846, 2.10741, 3.12348, 1.55062)

[node name="Left Arm_002" parent="MeshRoot/Robot/Armature/Skeleton3D" index="65"]
transform = Transform3D(0.3081, -0.107154, -0.9453, 0.934954, 0.217806, 0.280038, 0.175885, -0.970092, 0.16729, 2.06613, 3.09645, 1.36295)

[node name="Left Arm_001" parent="MeshRoot/Robot/Armature/Skeleton3D" index="66"]
transform = Transform3D(0.307886, -0.107051, -0.945382, 0.935163, 0.216971, 0.279989, 0.175148, -0.97029, 0.166912, 2.02489, 3.06923, 1.17529)

[node name="Left Arm" parent="MeshRoot/Robot/Armature/Skeleton3D" index="67"]
transform = Transform3D(0.310625, -0.106034, -0.9446, 0.931735, 0.230622, 0.280506, 0.188102, -0.967249, 0.170433, 1.9837, 3.04327, 0.987597)

[node name="Left Shoulder" parent="MeshRoot/Robot/Armature/Skeleton3D" index="68"]
transform = Transform3D(1, 1.36216e-05, 0.000387535, 8.62787e-05, 0.966579, -0.25637, -0.000378045, 0.25637, 0.966579, 0.00471389, 2.51341, 0.448688)

[node name="Finger End 1" parent="MeshRoot/Robot/Armature/Skeleton3D" index="69"]
transform = Transform3D(0.304664, 0.106907, 0.946441, -0.934693, 0.224581, 0.275516, -0.183098, -0.968573, 0.168347, -3.00635, 4.07289, 5.16094)

[node name="Finger Middle 1" parent="MeshRoot/Robot/Armature/Skeleton3D" index="70"]
transform = Transform3D(0.304664, 0.106907, 0.946441, -0.934693, 0.224581, 0.275515, -0.183097, -0.968573, 0.168347, -2.93303, 3.96371, 4.92742)

[node name="Finger Base 1" parent="MeshRoot/Robot/Armature/Skeleton3D" index="71"]
transform = Transform3D(0.304664, 0.106907, 0.946441, -0.934694, 0.22458, 0.275515, -0.183097, -0.968573, 0.168347, -2.85673, 3.85038, 4.68555)

[node name="Finger End 2" parent="MeshRoot/Robot/Armature/Skeleton3D" index="72"]
transform = Transform3D(0.304664, 0.106907, 0.946441, -0.934694, 0.224581, 0.275516, -0.183097, -0.968573, 0.168347, -2.94349, 3.78394, 5.28041)

[node name="Finger Middle 2" parent="MeshRoot/Robot/Armature/Skeleton3D" index="73"]
transform = Transform3D(0.304664, 0.106907, 0.946441, -0.934694, 0.224581, 0.275515, -0.183097, -0.968573, 0.168347, -2.87888, 3.71528, 5.02953)

[node name="Finger Base 2" parent="MeshRoot/Robot/Armature/Skeleton3D" index="74"]
transform = Transform3D(0.304664, 0.106907, 0.946441, -0.934694, 0.22458, 0.275515, -0.183097, -0.968573, 0.168347, -2.8132, 3.64646, 4.77862)

[node name="Finger End 3" parent="MeshRoot/Robot/Armature/Skeleton3D" index="75"]
transform = Transform3D(0.304664, 0.106907, 0.946441, -0.934694, 0.22458, 0.275515, -0.183097, -0.968573, 0.168347, -2.86449, 3.47696, 5.33871)

[node name="Finger Middle 3" parent="MeshRoot/Robot/Armature/Skeleton3D" index="76"]
transform = Transform3D(0.304664, 0.106907, 0.946441, -0.934694, 0.22458, 0.275515, -0.183097, -0.968573, 0.168347, -2.81235, 3.45804, 5.07651)

[node name="Finger Base 3" parent="MeshRoot/Robot/Armature/Skeleton3D" index="77"]
transform = Transform3D(0.304664, 0.106907, 0.946441, -0.934694, 0.22458, 0.275516, -0.183097, -0.968573, 0.168347, -2.75363, 3.43619, 4.78678)

[node name="Finger End 4" parent="MeshRoot/Robot/Armature/Skeleton3D" index="78"]
transform = Transform3D(0.304664, 0.106907, 0.946441, -0.934694, 0.22458, 0.275516, -0.183097, -0.968573, 0.168347, -2.66926, 3.04502, 4.94803)

[node name="Finger Base 4" parent="MeshRoot/Robot/Armature/Skeleton3D" index="79"]
transform = Transform3D(0.304664, 0.106907, 0.946441, -0.934694, 0.22458, 0.275515, -0.183097, -0.968573, 0.168347, -2.67525, 3.25661, 4.65918)

[node name="Right Hand" parent="MeshRoot/Robot/Armature/Skeleton3D" index="80"]
transform = Transform3D(0.30305, 0.108544, 0.946773, -0.935885, 0.221203, 0.274205, -0.179665, -0.969168, 0.16862, -2.80655, 3.56595, 4.88096)

[node name="Right Wrist Guard" parent="MeshRoot/Robot/Armature/Skeleton3D" index="81"]
transform = Transform3D(0.30305, 0.108544, 0.946773, -0.935885, 0.221203, 0.274205, -0.179665, -0.969168, 0.16862, -2.58263, 3.50531, 3.92458)

[node name="Right Arm_011" parent="MeshRoot/Robot/Armature/Skeleton3D" index="82"]
transform = Transform3D(-0.242223, -0.212012, 0.946773, 0.951861, 0.137006, 0.274205, -0.187848, 0.967615, 0.16862, -2.4337, 3.33194, 3.05412)

[node name="Right Arm_010" parent="MeshRoot/Robot/Armature/Skeleton3D" index="83"]
transform = Transform3D(-0.242223, -0.212012, 0.946773, 0.951861, 0.137006, 0.274205, -0.187848, 0.967615, 0.16862, -2.39255, 3.30535, 2.86635)

[node name="Right Arm_009" parent="MeshRoot/Robot/Armature/Skeleton3D" index="84"]
transform = Transform3D(-0.242074, -0.212335, 0.946739, 0.951763, 0.137638, 0.274228, -0.188536, 0.967455, 0.168774, -2.35139, 3.27871, 2.67861)

[node name="Right Arm_007" parent="MeshRoot/Robot/Armature/Skeleton3D" index="85"]
transform = Transform3D(-0.184376, -0.199574, 0.96238, 0.971397, 0.112079, 0.209346, -0.149643, 0.973451, 0.173201, -2.26935, 3.22514, 2.30296)

[node name="Right Arm_008" parent="MeshRoot/Robot/Armature/Skeleton3D" index="86"]
transform = Transform3D(-0.184376, -0.199574, 0.96238, 0.971397, 0.112079, 0.209346, -0.149643, 0.973451, 0.173201, -2.30808, 3.24689, 2.49185)

[node name="Right Arm_006" parent="MeshRoot/Robot/Armature/Skeleton3D" index="87"]
transform = Transform3D(-0.22451, -0.223906, 0.948399, 0.951493, 0.159737, 0.262955, -0.210371, 0.961431, 0.177183, -2.23025, 3.2003, 2.12589)

[node name="Right Arm_005" parent="MeshRoot/Robot/Armature/Skeleton3D" index="88"]
transform = Transform3D(-0.244362, -0.207262, 0.947275, 0.953242, 0.127786, 0.273861, -0.177809, 0.969903, 0.166345, -2.1853, 3.17011, 1.92556)

[node name="Right Arm_004" parent="MeshRoot/Robot/Armature/Skeleton3D" index="89"]
transform = Transform3D(-0.241844, -0.21293, 0.946664, 0.951631, 0.138484, 0.274262, -0.189497, 0.967203, 0.16914, -2.14455, 3.1443, 1.73763)

[node name="Right Arm_003" parent="MeshRoot/Robot/Armature/Skeleton3D" index="90"]
transform = Transform3D(-0.241761, -0.213044, 0.946659, 0.951577, 0.138852, 0.274266, -0.189876, 0.967126, 0.169159, -2.10322, 3.11739, 1.54995)

[node name="Right Arm_002" parent="MeshRoot/Robot/Armature/Skeleton3D" index="91"]
transform = Transform3D(-0.241679, -0.212655, 0.946768, 0.951518, 0.139384, 0.274199, -0.190274, 0.967135, 0.168659, -2.06191, 3.09039, 1.36228)

[node name="Right Arm_001" parent="MeshRoot/Robot/Armature/Skeleton3D" index="92"]
transform = Transform3D(-0.241405, -0.212479, 0.946877, 0.951333, 0.140775, 0.274131, -0.191544, 0.966972, 0.168155, -2.02066, 3.06321, 1.17462)

[node name="Right Arm" parent="MeshRoot/Robot/Armature/Skeleton3D" index="93"]
transform = Transform3D(-0.24369, -0.212798, 0.94622, 0.952763, 0.129818, 0.27457, -0.181264, 0.968434, 0.17111, -1.97941, 3.03696, 0.986891)

[node name="Right Shoulder" parent="MeshRoot/Robot/Armature/Skeleton3D" index="94"]
transform = Transform3D(1, 1.36624e-05, 0.00038753, 8.61282e-05, 0.966579, -0.25637, -0.000378081, 0.25637, 0.966579, 0.00471437, 2.51341, 0.448688)

[node name="Hips" parent="MeshRoot/Robot/Armature/Skeleton3D" index="95"]
transform = Transform3D(0.998041, 4.42389e-05, 0.0625564, 0.00865163, 0.990292, -0.138731, -0.0619553, 0.139, 0.988352, 0.00464276, -0.322942, -0.148072)

[node name="AnimationTree" type="AnimationTree" parent="MeshRoot"]
root_node = NodePath("../Robot")
tree_root = SubResource("AnimationNodeBlendTree_0fiv8")
anim_player = NodePath("../Robot/AnimationPlayer")
parameters/is_gliding/blend_amount = 0.0
parameters/jump/active = false
parameters/jump/internal_active = false
parameters/jump/request = 0
parameters/movement_anim_speed/scale = 1.0
parameters/movement_blend/blend_position = 0.0
parameters/on_floor_blend/blend_amount = 0.0

[node name="Glider" parent="MeshRoot" node_paths=PackedStringArray("player") instance=ExtResource("11_inerc")]
transform = Transform3D(0.2, 0, 0, 0, 0.2, 0, 0, 0, 0.2, 0, 0, 0)
script = ExtResource("12_sntr0")
player = NodePath("../..")

[node name="CamRoot" type="Node3D" parent="." node_paths=PackedStringArray("player")]
transform = Transform3D(1, 0, 0, 0, 1, 0, 0, 0, 1, 0, 0.869557, 0)
script = ExtResource("13_j0ncc")
player = NodePath("..")

[node name="CamYaw" type="Node3D" parent="CamRoot"]

[node name="CamPitch" type="Node3D" parent="CamRoot/CamYaw"]

[node name="SpringArm3D" type="SpringArm3D" parent="CamRoot/CamYaw/CamPitch" node_paths=PackedStringArray("player")]
shape = SubResource("SphereShape3D_fbxo0")
spring_length = -3.0
script = ExtResource("14_jlokr")
player = NodePath("../../../..")

[node name="Camera3D" type="Camera3D" parent="CamRoot/CamYaw/CamPitch/SpringArm3D"]
transform = Transform3D(-1, 0, -8.74228e-08, 0, 1, 0, 8.74228e-08, 0, -1, 0, 0, 0)
current = true

[node name="HurtOverlay" type="TextureRect" parent="."]
modulate = Color(1, 1, 1, 0)
anchors_preset = 15
anchor_right = 1.0
anchor_bottom = 1.0
grow_horizontal = 2
grow_vertical = 2
texture = ExtResource("15_4lvj7")
expand_mode = 1

[node name="SpeedOverlay" type="ColorRect" parent="."]
modulate = Color(1, 1, 1, 0)
material = SubResource("ShaderMaterial_5ddcd")
anchors_preset = 15
anchor_right = 1.0
anchor_bottom = 1.0
grow_horizontal = 2
grow_vertical = 2
color = Color(0, 0, 0, 1)

[node name="HealthBar" type="ProgressBar" parent="."]
offset_right = 4.0
offset_bottom = 27.0

[node name="FallDamage" type="AudioStreamPlayer" parent="."]
stream = ExtResource("16_0wh5x")
pitch_scale = 0.75

[node name="SoundEffects" type="AudioStreamPlayer" parent="."]

[node name="Main Song" type="AudioStreamPlayer" parent="."]
stream = ExtResource("17_vstat")
pitch_scale = 0.75

[connection signal="pressed_glide" from="." to="AudioController" method="_glide"]
[connection signal="pressed_glide" from="." to="MovementController" method="_glide"]
[connection signal="pressed_glide" from="." to="AnimationController" method="_glide"]
[connection signal="pressed_glide" from="." to="MeshRoot/Glider" method="_glide"]
[connection signal="pressed_glide" from="." to="CamRoot" method="_glide"]
[connection signal="pressed_jump" from="." to="MovementController" method="_jump"]
[connection signal="pressed_jump" from="." to="AnimationController" method="_jump"]
[connection signal="set_movement_direction" from="." to="MovementController" method="_on_set_movement_direction"]
[connection signal="set_movement_state" from="." to="MovementController" method="_on_set_movement_state"]
[connection signal="set_movement_state" from="." to="AnimationController" method="_on_set_movement_state"]
[connection signal="set_movement_state" from="." to="CamRoot" method="_on_set_movement_state"]
[connection signal="glide_mode" from="MovementController" to="AnimationController" method="_glide"]
[connection signal="is_hurt" from="MovementController" to="AudioController" method="_hurt"]
[connection signal="set_cam_rotation" from="CamRoot" to="MovementController" method="_on_set_cam_rotation"]

[editable path="MeshRoot/Robot"]
