[gd_scene load_steps=31 format=3 uid="uid://bd2s4wf2tu7sm"]

[ext_resource type="Script" path="res://Scenes/Models/Player/Player.gd" id="1_dvppb"]
[ext_resource type="Resource" uid="uid://c08l7gnjmjaqu" path="res://Scenes/Models/Player/MovementStates/run.tres" id="2_mml65"]
[ext_resource type="Resource" uid="uid://difpuuckqhvsv" path="res://Scenes/Models/Player/MovementStates/stand.tres" id="3_moa87"]
[ext_resource type="Resource" uid="uid://brvevs4yorhgf" path="res://Scenes/Models/Player/MovementStates/walk.tres" id="4_vttyl"]
[ext_resource type="Resource" uid="uid://bl52gdpkd3csn" path="res://Scenes/Models/Player/JumpStates/jump.tres" id="5_qm2u8"]
[ext_resource type="Resource" uid="uid://dnvfiisdtrht" path="res://Scenes/Models/Player/GlideStates/glide.tres" id="6_mtxa7"]
[ext_resource type="Script" path="res://Scenes/Models/Player/audio_controller.gd" id="7_7iij5"]
[ext_resource type="Script" path="res://Scenes/Models/Player/movement_controller.gd" id="8_j5sic"]
[ext_resource type="Script" path="res://Scenes/Models/Player/animation_controller.gd" id="9_eodew"]
[ext_resource type="PackedScene" uid="uid://bhdvfievnjoad" path="res://Scenes/Models/Player/Player.tscn" id="10_5kxhf"]
[ext_resource type="PackedScene" uid="uid://enjqiqwhpu7" path="res://Scenes/Models/Player/Glider.tscn" id="11_inerc"]
[ext_resource type="Script" path="res://Scenes/Models/Player/Glider.gd" id="12_sntr0"]
[ext_resource type="Script" path="res://Scenes/Models/Player/camera_controller.gd" id="13_j0ncc"]
[ext_resource type="Script" path="res://Scenes/Models/Player/SpringArm3D.gd" id="14_jlokr"]
[ext_resource type="Texture2D" uid="uid://dt0nnojl3rji0" path="res://Assets/Character/Textures/Damage Overlay.png" id="15_4lvj7"]
[ext_resource type="AudioStream" uid="uid://pt0u3r8i0vdg" path="res://Assets/Sound/Effects/damage.wav" id="16_0wh5x"]

[sub_resource type="CapsuleShape3D" id="CapsuleShape3D_ny02q"]

[sub_resource type="AnimationNodeAnimation" id="AnimationNodeAnimation_uhh3q"]
animation = &"Falling"

[sub_resource type="AnimationNodeAnimation" id="AnimationNodeAnimation_4lju0"]
animation = &"Glide"

[sub_resource type="AnimationNodeAnimation" id="AnimationNodeAnimation_6t4by"]
animation = &"Jump"

[sub_resource type="AnimationNodeBlend2" id="AnimationNodeBlend2_p55mh"]

[sub_resource type="AnimationNodeOneShot" id="AnimationNodeOneShot_rmhht"]

[sub_resource type="AnimationNodeTimeScale" id="AnimationNodeTimeScale_qoddc"]

[sub_resource type="AnimationNodeAnimation" id="AnimationNodeAnimation_sivxs"]
animation = &"Idle"

[sub_resource type="AnimationNodeAnimation" id="AnimationNodeAnimation_wbm5n"]
animation = &"Walk"

[sub_resource type="AnimationNodeAnimation" id="AnimationNodeAnimation_ci5d5"]
animation = &"Running"

[sub_resource type="AnimationNodeBlendSpace1D" id="AnimationNodeBlendSpace1D_h2nin"]
blend_point_0/node = SubResource("AnimationNodeAnimation_sivxs")
blend_point_0/pos = 0.0
blend_point_1/node = SubResource("AnimationNodeAnimation_wbm5n")
blend_point_1/pos = 1.0
blend_point_2/node = SubResource("AnimationNodeAnimation_ci5d5")
blend_point_2/pos = 2.0
min_space = 0.0
max_space = 3.0
snap = 1.0

[sub_resource type="AnimationNodeBlend2" id="AnimationNodeBlend2_gxhi5"]

[sub_resource type="AnimationNodeBlendTree" id="AnimationNodeBlendTree_0fiv8"]
graph_offset = Vector2(39.6885, 312.508)
nodes/Animation/node = SubResource("AnimationNodeAnimation_6t4by")
nodes/Animation/position = Vector2(400, 400)
"nodes/Animation 2/node" = SubResource("AnimationNodeAnimation_uhh3q")
"nodes/Animation 2/position" = Vector2(120, 620)
"nodes/Animation 3/node" = SubResource("AnimationNodeAnimation_4lju0")
"nodes/Animation 3/position" = Vector2(140, 740)
nodes/is_gliding/node = SubResource("AnimationNodeBlend2_p55mh")
nodes/is_gliding/position = Vector2(660, 580)
nodes/jump/node = SubResource("AnimationNodeOneShot_rmhht")
nodes/jump/position = Vector2(1200, 520)
nodes/movement_anim_speed/node = SubResource("AnimationNodeTimeScale_qoddc")
nodes/movement_anim_speed/position = Vector2(660, 1000)
nodes/movement_blend/node = SubResource("AnimationNodeBlendSpace1D_h2nin")
nodes/movement_blend/position = Vector2(400, 1040)
nodes/on_floor_blend/node = SubResource("AnimationNodeBlend2_gxhi5")
nodes/on_floor_blend/position = Vector2(1580, 720)
nodes/output/position = Vector2(1860, 660)
node_connections = [&"is_gliding", 0, &"Animation 2", &"is_gliding", 1, &"Animation 3", &"jump", 0, &"movement_anim_speed", &"jump", 1, &"Animation", &"movement_anim_speed", 0, &"movement_blend", &"on_floor_blend", 0, &"is_gliding", &"on_floor_blend", 1, &"jump", &"output", 0, &"on_floor_blend"]

[sub_resource type="SphereShape3D" id="SphereShape3D_fbxo0"]
radius = 0.07

[node name="Player" type="CharacterBody3D"]
transform = Transform3D(1, 0, 0, 0, 1, 0, 0, 0, 1, 0, 1, 0)
script = ExtResource("1_dvppb")
movement_states = {
"run": ExtResource("2_mml65"),
"stand": ExtResource("3_moa87"),
"walk": ExtResource("4_vttyl")
}
jump_states = {
"jump": ExtResource("5_qm2u8")
}
glide_states = {
"glide": ExtResource("6_mtxa7")
}

[node name="AudioController" type="Node" parent="." node_paths=PackedStringArray("fall_damage_player", "main_song")]
script = ExtResource("7_7iij5")
fall_damage_player = NodePath("../FallDamage")
main_song = NodePath("../Main Song")

[node name="MovementController" type="Node" parent="." node_paths=PackedStringArray("player", "mesh_root", "hurt_overlay")]
script = ExtResource("8_j5sic")
player = NodePath("..")
mesh_root = NodePath("../MeshRoot")
hurt_overlay = NodePath("../HurtOverlay")
glide_states = {
"glide": ExtResource("6_mtxa7")
}

[node name="AnimationController" type="Node" parent="." node_paths=PackedStringArray("animation_tree", "player")]
script = ExtResource("9_eodew")
animation_tree = NodePath("../MeshRoot/AnimationTree")
player = NodePath("..")

[node name="CollisionShape3D" type="CollisionShape3D" parent="."]
shape = SubResource("CapsuleShape3D_ny02q")

[node name="MeshRoot" type="Node3D" parent="."]

[node name="Robot" parent="MeshRoot" instance=ExtResource("10_5kxhf")]
transform = Transform3D(1, 0, 0, 0, 1, 0, 0, 0, 1, 0, -1.02912, 0)

[node name="Skeleton3D" parent="MeshRoot/Robot/Armature" index="0"]
bones/1/position = Vector3(2.455, 8.64435, 3.16529)
bones/3/position = Vector3(-2.46437, 8.64435, 3.16529)
bones/5/position = Vector3(0, 5.70156, 0)
bones/5/rotation = Quaternion(0.0703003, 0, 0, 0.997526)
bones/7/rotation = Quaternion(-0.446587, 0.0897448, 0.0564742, 0.888435)
bones/8/rotation = Quaternion(8.70756e-08, 1.2069e-07, -0.0926067, 0.995703)
bones/9/rotation = Quaternion(3.47653e-08, -2.36064e-07, -0.0691831, 0.997604)
bones/10/rotation = Quaternion(2.12427e-08, 2.36966e-07, -0.0415823, 0.999135)
bones/11/rotation = Quaternion(-1.17175e-05, -0.0019178, -0.0061122, 0.999979)
bones/12/rotation = Quaternion(6.1101e-05, 0.00191675, 0.0318692, 0.99949)
bones/13/rotation = Quaternion(-4.23119e-08, 1.17859e-07, 0.0715209, 0.997439)
bones/14/rotation = Quaternion(-1.15474e-07, 3.5548e-07, 0.107678, 0.994186)
bones/15/rotation = Quaternion(0.00122038, -0.00904587, 0.133714, 0.990978)
bones/16/rotation = Quaternion(0.00203079, 0.00889855, 0.222497, 0.974891)
bones/31/position = Vector3(-1.19736, 3.00293, -2.21944)
bones/32/position = Vector3(0.0409813, -0.261409, -5.76169e-05)
bones/32/rotation = Quaternion(0.000113419, 0.000698987, 0.160203, 0.987084)
bones/42/position = Vector3(-2.74242, 2.23245, -1.58536)
bones/43/position = Vector3(-0.0409653, -0.261383, -5.77883e-05)
bones/43/rotation = Quaternion(-0.000157933, -0.000690231, 0.223101, 0.974795)
bones/52/rotation = Quaternion(-0.378777, 0.25614, 0.525846, 0.717221)
bones/53/rotation = Quaternion(4.23061e-08, -1.02286e-07, 0.104833, 0.99449)
bones/54/rotation = Quaternion(4.23329e-08, 2.37874e-07, 0.0784318, 0.99692)
bones/55/rotation = Quaternion(2.47725e-08, -2.3938e-07, 0.0471652, 0.998887)
bones/56/rotation = Quaternion(-1.3819e-05, 0.00191779, 0.00720692, 0.999972)
bones/57/rotation = Quaternion(6.92855e-05, -0.00191647, -0.0361406, 0.999345)
bones/58/rotation = Quaternion(-5.68835e-08, -1.20462e-07, -0.0810267, 0.996712)
bones/59/rotation = Quaternion(-1.4117e-07, -3.56167e-07, -0.121768, 0.992559)
bones/60/rotation = Quaternion(0.00137626, 0.00902346, -0.150795, 0.988523)
bones/61/rotation = Quaternion(0.00219417, -0.00885966, -0.240398, 0.970631)
bones/76/rotation = Quaternion(0.0592395, -0.000235748, 0.00724406, 0.998218)
bones/79/rotation = Quaternion(0.201167, 1.85843e-06, 8.30234e-05, 0.979557)
bones/87/rotation = Quaternion(-0.000896317, 0.00168269, -0.717235, 0.696829)
bones/88/rotation = Quaternion(-0.00494084, 7.14921e-05, 0.297733, 0.954636)
bones/89/rotation = Quaternion(0.524059, -0.426507, -0.121729, 0.727074)
bones/90/rotation = Quaternion(-0.00207246, -0.00334011, -0.00783028, 0.999962)
bones/91/rotation = Quaternion(0.00182163, 2.00848e-07, 0.00680353, 0.999975)
bones/92/rotation = Quaternion(-0.000194959, 4.84237e-06, -0.000390787, 1)
bones/93/rotation = Quaternion(-0.000286623, 4.71048e-06, -0.000444881, 1)
bones/94/rotation = Quaternion(5.61461e-05, -1.05998e-07, -0.000615754, 1)
bones/95/rotation = Quaternion(0.00155009, -2.91675e-06, -0.00580586, 0.999982)
bones/96/rotation = Quaternion(-0.00497294, 0.000658843, 0.0190801, 0.999805)
bones/97/rotation = Quaternion(0.00869774, 0.0397979, -0.0283107, 0.998769)
bones/98/rotation = Quaternion(-0.00666238, -0.04047, 0.0217891, 0.998921)
bones/99/rotation = Quaternion(0.00171292, -3.04611e-07, -0.00655342, 0.999977)
bones/100/rotation = Quaternion(0.000179275, -2.51457e-08, -0.000698349, 1)
bones/102/rotation = Quaternion(-6.28291e-09, -7.81915e-08, 0.00604859, 0.999982)
bones/105/rotation = Quaternion(-6.62427e-10, 1.44506e-07, 0.00087978, 1)
bones/109/rotation = Quaternion(-8.77514e-08, 3.3197e-07, 0.0640607, 0.997946)
bones/110/rotation = Quaternion(1.39102e-08, -8.02659e-08, -0.00846498, 0.999964)
bones/111/rotation = Quaternion(-1.23116e-10, 1.42563e-07, 3.92348e-05, 1)
bones/115/rotation = Quaternion(5.14655e-08, 4.24464e-07, -0.0351677, 0.999381)
bones/121/rotation = Quaternion(7.624e-07, 8.13779e-07, -0.396704, 0.917946)
bones/122/rotation = Quaternion(2.39691e-09, -5.35418e-08, -0.0011728, 0.999999)
bones/140/rotation = Quaternion(-0.00108472, -0.00157224, 0.707184, 0.707027)
bones/141/rotation = Quaternion(-0.00484098, -0.000232663, -0.297911, 0.954581)
bones/142/rotation = Quaternion(0.523893, 0.42614, 0.122286, 0.727315)
bones/143/rotation = Quaternion(-0.00161217, 0.000125805, 0.00566776, 0.999983)
bones/144/rotation = Quaternion(0.00152979, -1.66975e-07, -0.0053136, 0.999985)
bones/145/rotation = Quaternion(-0.000259948, -4.92711e-06, 0.000656254, 1)
bones/146/rotation = Quaternion(-0.00025809, -4.8241e-06, 0.000205244, 1)
bones/147/rotation = Quaternion(9.99786e-06, 2.00035e-07, 0.000196448, 1)
bones/148/rotation = Quaternion(0.00144456, 3.05097e-06, 0.00603126, 0.999981)
bones/149/rotation = Quaternion(-0.0042737, -0.00641461, -0.0179905, 0.999808)
bones/150/rotation = Quaternion(0.00728551, -0.0268001, 0.0264981, 0.999263)
bones/151/rotation = Quaternion(-0.00563094, 0.0332222, -0.0210139, 0.999211)
bones/152/rotation = Quaternion(0.00160057, 3.19791e-07, 0.00690656, 0.999975)
bones/153/rotation = Quaternion(7.9737e-05, 2.70083e-08, 0.000355281, 1)
bones/155/rotation = Quaternion(-6.09949e-09, 7.80795e-08, -0.0060486, 0.999982)
bones/156/rotation = Quaternion(-1.56508e-07, -1.89241e-07, -0.133093, 0.991104)
bones/157/rotation = Quaternion(-1.45058e-08, -2.28915e-08, -0.00825755, 0.999966)
bones/158/rotation = Quaternion(-6.41562e-10, -1.4453e-07, -0.00087978, 1)
bones/162/rotation = Quaternion(-8.27381e-08, -3.3349e-07, -0.0640607, 0.997946)
bones/168/rotation = Quaternion(4.92962e-08, -4.23882e-07, 0.0351676, 0.999381)
bones/169/rotation = Quaternion(1.06161e-08, -8.55839e-08, 0.00496715, 0.999988)
bones/170/rotation = Quaternion(1.42861e-08, -3.03825e-08, 0.00712437, 0.999975)
bones/174/rotation = Quaternion(7.5165e-07, -8.11006e-07, 0.396704, 0.917946)
bones/175/rotation = Quaternion(1.22299e-10, 5.35334e-08, 0.00117277, 0.999999)

[node name="Lower Left Leg" parent="MeshRoot/Robot/Armature/Skeleton3D" index="0"]
transform = Transform3D(0.998281, -0.0241461, -0.0534106, -0.0302764, 0.567827, -0.822591, 0.0501902, 0.822794, 0.56612, 0.92127, -2.89039, -1.16099)

[node name="Left Leg Joint Cutouts" parent="MeshRoot/Robot/Armature/Skeleton3D" index="1"]
transform = Transform3D(0.998281, -0.0241461, -0.0534106, -0.0302764, 0.567827, -0.822591, 0.0501902, 0.822794, 0.56612, 0.902873, -2.38006, -0.539213)

[node name="Lower Left Leg Joint" parent="MeshRoot/Robot/Armature/Skeleton3D" index="2"]
transform = Transform3D(0.998281, -0.0241461, -0.0534106, -0.0302764, 0.567827, -0.822591, 0.0501902, 0.822794, 0.56612, 0.910964, -2.29059, -0.41677)

[node name="Lower Left Leg Joint" parent="MeshRoot/Robot/Armature/Skeleton3D/Lower Left Leg Joint" index="0"]
transform = Transform3D(1, -3.72529e-09, -3.72529e-09, -1.86265e-09, 1, -2.98023e-08, 0, -2.98023e-08, 1, 0, 0, 0)

[node name="Lower Left Leg Light" parent="MeshRoot/Robot/Armature/Skeleton3D" index="3"]
transform = Transform3D(0.998281, -0.0241461, -0.0534106, -0.0302764, 0.567827, -0.822591, 0.0501902, 0.822794, 0.56612, 1.21372, -2.64714, -1.12833)

[node name="Limb Segment_018" parent="MeshRoot/Robot/Armature/Skeleton3D" index="4"]
transform = Transform3D(0.998095, -0.0192956, 0.058599, -0.045826, -0.867807, 0.494783, 0.0413053, -0.496526, -0.867038, 0.919673, -1.40443, 0.168011)

[node name="Limb Segment_017" parent="MeshRoot/Robot/Armature/Skeleton3D" index="5"]
transform = Transform3D(0.998285, -0.0166227, 0.0561267, -0.0300099, -0.968574, 0.246907, 0.0502584, -0.248168, -0.967412, 0.917772, -1.33373, -0.00877218)

[node name="Limb Segment_016" parent="MeshRoot/Robot/Armature/Skeleton3D" index="6"]
transform = Transform3D(0.99681, -0.0612215, 0.0512067, -0.0629971, -0.997441, 0.033809, 0.0490056, -0.0369269, -0.998116, 0.93968, -1.32007, -0.112705)

[node name="Limb Segment_015" parent="MeshRoot/Robot/Armature/Skeleton3D" index="7"]
transform = Transform3D(0.998173, -0.0384532, 0.0466146, -0.0331792, -0.99348, -0.109066, 0.0505044, 0.10732, -0.992941, 0.933751, -1.3221, -0.15012)

[node name="Limb Segment_014" parent="MeshRoot/Robot/Armature/Skeleton3D" index="8"]
transform = Transform3D(0.997883, -0.047646, 0.0442555, -0.0393625, -0.984285, -0.17214, 0.0517617, 0.170034, -0.984078, 0.934082, -1.32299, -0.15245)

[node name="Limb Segment_013" parent="MeshRoot/Robot/Armature/Skeleton3D" index="9"]
transform = Transform3D(0.997578, -0.0532746, 0.0447219, -0.0454822, -0.986054, -0.160092, 0.0526269, 0.15767, -0.986089, 0.933127, -1.32382, -0.15441)

[node name="Limb Segment_012" parent="MeshRoot/Robot/Armature/Skeleton3D" index="10"]
transform = Transform3D(0.997718, -0.0188601, 0.0648324, -0.0137712, -0.996853, -0.0780634, 0.0661005, 0.0769925, -0.994838, 0.945249, -1.32774, -0.182603)

[node name="Limb Segment_011" parent="MeshRoot/Robot/Armature/Skeleton3D" index="11"]
transform = Transform3D(0.998497, -0.0426529, 0.0344294, -0.0447067, -0.99712, 0.0612642, 0.0317168, -0.0627112, -0.997528, 0.933075, -1.32816, -0.254189)

[node name="Limb Segment_003" parent="MeshRoot/Robot/Armature/Skeleton3D" index="12"]
transform = Transform3D(0.996995, -0.0112073, 0.0766558, -0.0295839, -0.969571, 0.243016, 0.0715995, -0.244554, -0.966989, 0.954004, -1.30994, -0.374711)

[node name="Left Foot" parent="MeshRoot/Robot/Armature/Skeleton3D" index="13"]
transform = Transform3D(0.999982, -1.57114e-06, 0.00605715, 0.00176242, 0.956804, -0.290729, -0.00579531, 0.290735, 0.956786, 0.925029, -3.75903, -1.30953)

[node name="Foot_005" parent="MeshRoot/Robot/Armature/Skeleton3D" index="14"]
transform = Transform3D(0.999982, -1.57114e-06, 0.00605715, 0.00176242, 0.956804, -0.290729, -0.00579531, 0.290735, 0.956786, 0.940109, -3.11966, -1.41498)

[node name="Foot_006" parent="MeshRoot/Robot/Armature/Skeleton3D" index="15"]
transform = Transform3D(0.999982, -1.57114e-06, 0.00605715, 0.00176242, 0.956804, -0.290729, -0.00579531, 0.290735, 0.956786, 0.943911, -4.1966, -1.08654)

[node name="Foot_007" parent="MeshRoot/Robot/Armature/Skeleton3D" index="16"]
transform = Transform3D(0.999982, -1.57114e-06, 0.00605715, 0.00176242, 0.956804, -0.290729, -0.00579531, 0.290735, 0.956786, 0.936816, -3.85605, -2.20729)

[node name="Left Foot Joint" parent="MeshRoot/Robot/Armature/Skeleton3D" index="17"]
transform = Transform3D(0.999982, -1.57114e-06, 0.00605715, 0.00176242, 0.956804, -0.290729, -0.00579531, 0.290735, 0.956786, 1.36246, -3.3928, -1.48596)

[node name="Right Foot" parent="MeshRoot/Robot/Armature/Skeleton3D" index="18"]
transform = Transform3D(0.999962, 3.62052e-07, -0.00872141, 0.00400236, 0.888474, 0.45891, 0.00774903, -0.458927, 0.88844, -0.916612, -2.5528, 2.8835)

[node name="Foot" parent="MeshRoot/Robot/Armature/Skeleton3D" index="19"]
transform = Transform3D(0.999962, 3.62052e-07, -0.00872141, 0.00400236, 0.888474, 0.45891, 0.00774903, -0.458927, 0.88844, -0.93093, -2.16815, 2.36199)

[node name="Foot_001" parent="MeshRoot/Robot/Armature/Skeleton3D" index="20"]
transform = Transform3D(0.999962, 3.62052e-07, -0.00872141, 0.00400236, 0.888474, 0.45891, 0.00774903, -0.458927, 0.88844, -0.936401, -2.7109, 3.34844)

[node name="Foot_002" parent="MeshRoot/Robot/Armature/Skeleton3D" index="21"]
transform = Transform3D(0.999962, 3.62052e-07, -0.00872141, 0.00400236, 0.888474, 0.45891, 0.00774903, -0.458927, 0.88844, -0.926185, -3.24846, 2.30775)

[node name="Right Foot Joint" parent="MeshRoot/Robot/Armature/Skeleton3D" index="22"]
transform = Transform3D(0.999962, 3.62052e-07, -0.00872141, 0.00400236, 0.888474, 0.45891, 0.00774903, -0.458927, 0.88844, -1.35331, -2.41391, 2.50062)

[node name="Lower Right Leg" parent="MeshRoot/Robot/Armature/Skeleton3D" index="23"]
transform = Transform3D(0.999118, -0.0189105, -0.0375072, 0.0318054, 0.923848, 0.381435, 0.027438, -0.382292, 0.923634, -0.950975, -1.83098, 1.94048)

[node name="Lower Right Leg Joint" parent="MeshRoot/Robot/Armature/Skeleton3D" index="24"]
transform = Transform3D(0.999118, -0.0189105, -0.0375072, 0.0318054, 0.923848, 0.381435, 0.027438, -0.382292, 0.923634, -0.975213, -0.977961, 1.50978)

[node name="Lower Right Leg Light" parent="MeshRoot/Robot/Armature/Skeleton3D" index="25"]
transform = Transform3D(0.999118, -0.0189105, -0.0375072, 0.0318054, 0.923848, 0.381435, 0.027438, -0.382292, 0.923634, -1.23253, -1.7694, 1.69008)

[node name="Right Leg Joint Cutouts" parent="MeshRoot/Robot/Armature/Skeleton3D" index="26"]
transform = Transform3D(0.999118, -0.0189105, -0.0375072, 0.0318054, 0.923848, 0.381435, 0.027438, -0.382292, 0.923634, -0.961025, -1.11563, 1.57231)

[node name="Limb Segment_010" parent="MeshRoot/Robot/Armature/Skeleton3D" index="27"]
transform = Transform3D(-0.998971, 0.0171126, -0.0419967, -0.0432442, -0.638365, 0.768518, -0.013658, 0.769544, 0.638448, -0.988775, -0.244765, 0.743917)

[node name="Limb Segment_009" parent="MeshRoot/Robot/Armature/Skeleton3D" index="28"]
transform = Transform3D(-0.999114, -0.0135421, -0.0398549, -0.0317006, -0.380845, 0.924095, -0.0276928, 0.92454, 0.380078, -0.966989, -0.428157, 0.634191)

[node name="Limb Segment_008" parent="MeshRoot/Robot/Armature/Skeleton3D" index="29"]
transform = Transform3D(-0.999319, 0.0102464, -0.0354653, -0.0365777, -0.145046, 0.988749, 0.00498687, 0.989372, 0.145322, -0.978691, -0.544199, 0.602056)

[node name="Limb Segment_007" parent="MeshRoot/Robot/Armature/Skeleton3D" index="30"]
transform = Transform3D(-0.999195, -0.0250213, -0.0313649, -0.0317601, 0.0155484, 0.999375, -0.0245181, 0.999566, -0.0163307, -0.969548, -0.586078, 0.600376)

[node name="Limb Segment_006" parent="MeshRoot/Robot/Armature/Skeleton3D" index="31"]
transform = Transform3D(-0.999353, -0.0209107, -0.0292642, -0.0309951, 0.0878939, 0.995648, -0.0182477, 0.99591, -0.0884854, -0.969717, -0.58888, 0.600876)

[node name="Limb Segment_005" parent="MeshRoot/Robot/Armature/Skeleton3D" index="32"]
transform = Transform3D(-0.999457, -0.0143029, -0.0296953, -0.0306719, 0.0737258, 0.996807, -0.0120681, 0.997176, -0.0741246, -0.96864, -0.591178, 0.60159)

[node name="Limb Segment_004" parent="MeshRoot/Robot/Armature/Skeleton3D" index="33"]
transform = Transform3D(-0.999168, -0.0248462, -0.0323643, -0.0318472, -0.0209446, 0.999273, -0.0255061, 0.999472, 0.0201357, -0.972366, -0.624426, 0.603012)

[node name="Limb Segment_001" parent="MeshRoot/Robot/Armature/Skeleton3D" index="34"]
transform = Transform3D(-0.999073, -0.0233963, -0.0361533, -0.0314503, -0.177078, 0.983694, -0.0294169, 0.983919, 0.176178, -0.971638, -0.704081, 0.595538)

[node name="Limb Segment_002" parent="MeshRoot/Robot/Armature/Skeleton3D" index="35"]
transform = Transform3D(-0.999206, 0.00134792, -0.0398175, -0.0373768, -0.377725, 0.925163, -0.0137931, 0.925917, 0.377475, -0.955204, -0.837538, 0.557474)

[node name="Head_2" parent="MeshRoot/Robot/Armature/Skeleton3D" index="36"]
transform = Transform3D(1, 3.57835e-06, 0.000387767, 0.000236264, 0.787309, -0.616558, -0.000307499, 0.616558, 0.787309, 0.00482485, 4.10029, 1.51992)

[node name="Inner Eye Lights" parent="MeshRoot/Robot/Armature/Skeleton3D" index="37"]
transform = Transform3D(1, 0.000387767, -3.57835e-06, 0.000236264, -0.616558, -0.787309, -0.000307499, 0.787309, -0.616558, 0.00501836, 3.84384, 1.9427)

[node name="Lights 2" parent="MeshRoot/Robot/Armature/Skeleton3D" index="38"]
transform = Transform3D(1, 0.000387767, -3.57835e-06, 0.000236264, -0.616558, -0.787309, -0.000307499, 0.787309, -0.616558, 0.00500979, 3.8464, 1.91739)

[node name="Right Arm_012" parent="MeshRoot/Robot/Armature/Skeleton3D" index="39"]
transform = Transform3D(1, 1.3768e-05, 0.000387533, 8.60442e-05, 0.966578, -0.25637, -0.000378111, 0.25637, 0.966579, -0.0203262, 3.46228, 0.673417)

[node name="Main Body_2" parent="MeshRoot/Robot/Armature/Skeleton3D" index="40"]
transform = Transform3D(0.999587, 2.57424e-05, -0.0287259, -0.0073659, 0.966795, -0.255448, 0.0277655, 0.255554, 0.966396, 0.00471405, 2.51341, 0.448688)

[node name="Reactor Casing" parent="MeshRoot/Robot/Armature/Skeleton3D" index="41"]
transform = Transform3D(0.999587, 2.57424e-05, -0.0287259, -0.0073659, 0.966795, -0.255448, 0.0277655, 0.255554, 0.966396, -0.040391, 2.1839, 1.98511)

[node name="Reactor" parent="MeshRoot/Robot/Armature/Skeleton3D" index="42"]
transform = Transform3D(0.999587, 2.57424e-05, -0.0287259, -0.0073659, 0.966795, -0.255448, 0.0277655, 0.255554, 0.966396, -0.0421835, 2.19392, 2.0523)

[node name="Finger End 1_001" parent="MeshRoot/Robot/Armature/Skeleton3D" index="43"]
transform = Transform3D(0.246632, -0.127499, -0.960685, 0.961481, 0.15633, 0.226088, 0.121358, -0.979442, 0.161144, 3.00262, 4.42819, 5.06466)

[node name="Finger Middle 1_001" parent="MeshRoot/Robot/Armature/Skeleton3D" index="44"]
transform = Transform3D(0.246631, -0.127499, -0.960686, 0.96148, 0.15633, 0.226088, 0.121358, -0.979441, 0.161144, 2.93469, 4.30024, 4.83918)

[node name="Finger Base 1_001" parent="MeshRoot/Robot/Armature/Skeleton3D" index="45"]
transform = Transform3D(0.246631, -0.127499, -0.960686, 0.961481, 0.156329, 0.226088, 0.121357, -0.979441, 0.161144, 2.8645, 4.16732, 4.60556)

[node name="Finger End 2_001" parent="MeshRoot/Robot/Armature/Skeleton3D" index="46"]
transform = Transform3D(0.246631, -0.127499, -0.960686, 0.961481, 0.156329, 0.226088, 0.121357, -0.979441, 0.161144, 2.95885, 4.14395, 5.20252)

[node name="Finger Middle 2_001" parent="MeshRoot/Robot/Armature/Skeleton3D" index="47"]
transform = Transform3D(0.246631, -0.127499, -0.960686, 0.96148, 0.15633, 0.226088, 0.121358, -0.979441, 0.161144, 2.89695, 4.05582, 4.95711)

[node name="Finger Base 2_001" parent="MeshRoot/Robot/Armature/Skeleton3D" index="48"]
transform = Transform3D(0.246631, -0.127499, -0.960686, 0.96148, 0.156331, 0.226088, 0.121359, -0.979441, 0.161144, 2.83583, 3.96701, 4.71137)

[node name="Finger End 3_001" parent="MeshRoot/Robot/Armature/Skeleton3D" index="49"]
transform = Transform3D(0.248337, -0.127068, -0.960303, 0.960596, 0.160065, 0.227233, 0.124837, -0.978893, 0.161811, 2.90091, 3.84388, 5.27996)

[node name="Finger Middle 3_001" parent="MeshRoot/Robot/Armature/Skeleton3D" index="50"]
transform = Transform3D(0.248338, -0.127067, -0.960303, 0.960597, 0.160067, 0.227233, 0.124839, -0.978894, 0.161811, 2.84807, 3.80438, 5.02019)

[node name="Finger Base 3_001" parent="MeshRoot/Robot/Armature/Skeleton3D" index="51"]
transform = Transform3D(0.248337, -0.127067, -0.960303, 0.960595, 0.160067, 0.227233, 0.124839, -0.978893, 0.161811, 2.79014, 3.75937, 4.733)

[node name="Finger End 4_001" parent="MeshRoot/Robot/Armature/Skeleton3D" index="52"]
transform = Transform3D(0.248337, -0.127068, -0.960303, 0.960596, 0.160065, 0.227233, 0.124837, -0.978894, 0.161811, 2.72996, 3.3757, 4.92092)

[node name="Finger Base 4_001" parent="MeshRoot/Robot/Armature/Skeleton3D" index="53"]
transform = Transform3D(0.248337, -0.127067, -0.960303, 0.960595, 0.160066, 0.227233, 0.124838, -0.978893, 0.161811, 2.7283, 3.56573, 4.6174)

[node name="Left Hand_001" parent="MeshRoot/Robot/Armature/Skeleton3D" index="54"]
transform = Transform3D(0.247633, -0.127634, -0.96041, 0.961591, 0.153527, 0.227534, 0.118408, -0.979867, 0.16075, 2.79772, 3.90425, 4.81414)

[node name="Left Wrist Guard" parent="MeshRoot/Robot/Armature/Skeleton3D" index="55"]
transform = Transform3D(0.247633, -0.127634, -0.96041, 0.961591, 0.153527, 0.227534, 0.118408, -0.979867, 0.16075, 2.57204, 3.76403, 3.87716)

[node name="Left Arm_011" parent="MeshRoot/Robot/Armature/Skeleton3D" index="56"]
transform = Transform3D(0.247633, -0.127634, -0.96041, 0.961591, 0.153528, 0.227534, 0.118409, -0.979866, 0.16075, 2.43027, 3.52774, 3.02028)

[node name="Left Arm_010" parent="MeshRoot/Robot/Armature/Skeleton3D" index="57"]
transform = Transform3D(0.247633, -0.127634, -0.96041, 0.961591, 0.153528, 0.227534, 0.118409, -0.979866, 0.16075, 2.38962, 3.48711, 2.83494)

[node name="Left Arm_009" parent="MeshRoot/Robot/Armature/Skeleton3D" index="58"]
transform = Transform3D(0.247583, -0.128299, -0.960334, 0.961774, 0.15226, 0.227612, 0.117018, -0.979977, 0.161092, 2.34892, 3.44636, 2.64964)

[node name="Left Arm_008" parent="MeshRoot/Robot/Armature/Skeleton3D" index="59"]
transform = Transform3D(0.247091, -0.13459, -0.9596, 0.963399, 0.140368, 0.228381, 0.103959, -0.980909, 0.164348, 2.30764, 3.40442, 2.46476)

[node name="Left Arm_007" parent="MeshRoot/Robot/Armature/Skeleton3D" index="60"]
transform = Transform3D(0.175668, -0.142734, -0.974047, 0.971359, 0.185949, 0.147935, 0.160008, -0.972136, 0.171312, 2.26756, 3.36499, 2.27907)

[node name="Left Arm_006" parent="MeshRoot/Robot/Armature/Skeleton3D" index="61"]
transform = Transform3D(0.245342, -0.141446, -0.959062, 0.965158, 0.128485, 0.227952, 0.090982, -0.981572, 0.16804, 2.22906, 3.32657, 2.10319)

[node name="Left Arm_005" parent="MeshRoot/Robot/Armature/Skeleton3D" index="62"]
transform = Transform3D(0.247983, -0.122701, -0.960962, 0.960163, 0.163018, 0.226961, 0.128806, -0.978963, 0.158239, 2.18493, 3.28141, 1.9071)

[node name="Left Arm_004" parent="MeshRoot/Robot/Armature/Skeleton3D" index="63"]
transform = Transform3D(0.247633, -0.128343, -0.960315, 0.961733, 0.152512, 0.227616, 0.117247, -0.979932, 0.161199, 2.14466, 3.24162, 1.72145)

[node name="Left Arm_003" parent="MeshRoot/Robot/Armature/Skeleton3D" index="64"]
transform = Transform3D(0.247516, -0.128747, -0.960291, 0.96191, 0.151353, 0.227641, 0.116035, -0.980059, 0.161306, 2.10386, 3.20068, 1.5362)

[node name="Left Arm_002" parent="MeshRoot/Robot/Armature/Skeleton3D" index="65"]
transform = Transform3D(0.247205, -0.128454, -0.960411, 0.962091, 0.150375, 0.227524, 0.115196, -0.980248, 0.160758, 2.06305, 3.15954, 1.351)

[node name="Left Arm_001" parent="MeshRoot/Robot/Armature/Skeleton3D" index="66"]
transform = Transform3D(0.246972, -0.128297, -0.960492, 0.96224, 0.149539, 0.227447, 0.11445, -0.980397, 0.160384, 2.0223, 3.11823, 1.16582)

[node name="Left Arm" parent="MeshRoot/Robot/Armature/Skeleton3D" index="67"]
transform = Transform3D(0.250027, -0.128158, -0.95972, 0.9598, 0.163387, 0.22823, 0.127556, -0.978203, 0.163857, 1.98152, 3.07816, 0.980538)

[node name="Left Shoulder" parent="MeshRoot/Robot/Armature/Skeleton3D" index="68"]
transform = Transform3D(1, 1.36216e-05, 0.000387535, 8.62787e-05, 0.966579, -0.25637, -0.000378045, 0.25637, 0.966579, 0.00471389, 2.51341, 0.448688)

[node name="Finger End 1" parent="MeshRoot/Robot/Armature/Skeleton3D" index="69"]
transform = Transform3D(0.243811, 0.128663, 0.96125, -0.962062, 0.157211, 0.222975, -0.12243, -0.979147, 0.162112, -2.96513, 4.42662, 5.07156)

[node name="Finger Middle 1" parent="MeshRoot/Robot/Armature/Skeleton3D" index="70"]
transform = Transform3D(0.243811, 0.128663, 0.96125, -0.962062, 0.157211, 0.222975, -0.12243, -0.979147, 0.162112, -2.89743, 4.29876, 4.84596)

[node name="Finger Base 1" parent="MeshRoot/Robot/Armature/Skeleton3D" index="71"]
transform = Transform3D(0.243811, 0.128664, 0.96125, -0.962063, 0.157211, 0.222975, -0.12243, -0.979147, 0.162112, -2.82696, 4.16605, 4.61232)

[node name="Finger End 2" parent="MeshRoot/Robot/Armature/Skeleton3D" index="72"]
transform = Transform3D(0.243811, 0.128663, 0.96125, -0.962063, 0.157211, 0.222975, -0.12243, -0.979147, 0.162112, -2.92232, 4.14207, 5.20909)

[node name="Finger Middle 2" parent="MeshRoot/Robot/Armature/Skeleton3D" index="73"]
transform = Transform3D(0.243811, 0.128663, 0.96125, -0.962063, 0.157211, 0.222975, -0.12243, -0.979147, 0.162112, -2.86051, 4.05407, 4.9636)

[node name="Finger Base 2" parent="MeshRoot/Robot/Armature/Skeleton3D" index="74"]
transform = Transform3D(0.243811, 0.128664, 0.96125, -0.962062, 0.15721, 0.222975, -0.122429, -0.979147, 0.162112, -2.79764, 3.96583, 4.71811)

[node name="Finger End 3" parent="MeshRoot/Robot/Armature/Skeleton3D" index="75"]
transform = Transform3D(0.243811, 0.128664, 0.96125, -0.962063, 0.15721, 0.222975, -0.12243, -0.979147, 0.162112, -2.86415, 3.83475, 5.28684)

[node name="Finger Middle 3" parent="MeshRoot/Robot/Armature/Skeleton3D" index="76"]
transform = Transform3D(0.243811, 0.128664, 0.96125, -0.962063, 0.157211, 0.222975, -0.12243, -0.979147, 0.162112, -2.81141, 3.7964, 5.02689)

[node name="Finger Base 3" parent="MeshRoot/Robot/Armature/Skeleton3D" index="77"]
transform = Transform3D(0.243811, 0.128664, 0.96125, -0.962063, 0.157211, 0.222975, -0.12243, -0.979147, 0.162112, -2.75211, 3.75302, 4.73972)

[node name="Finger End 4" parent="MeshRoot/Robot/Armature/Skeleton3D" index="78"]
transform = Transform3D(0.243811, 0.128664, 0.96125, -0.962062, 0.157211, 0.222975, -0.12243, -0.979147, 0.162112, -2.69488, 3.36781, 4.9254)

[node name="Finger Base 4" parent="MeshRoot/Robot/Armature/Skeleton3D" index="79"]
transform = Transform3D(0.243811, 0.128664, 0.96125, -0.962062, 0.15721, 0.222975, -0.12243, -0.979147, 0.162112, -2.68478, 3.5612, 4.62418)

[node name="Right Hand" parent="MeshRoot/Robot/Armature/Skeleton3D" index="80"]
transform = Transform3D(0.242096, 0.130079, 0.961493, -0.962933, 0.153703, 0.221664, -0.118951, -0.979517, 0.162468, -2.79707, 3.89149, 4.82522)

[node name="Right Wrist Guard" parent="MeshRoot/Robot/Armature/Skeleton3D" index="81"]
transform = Transform3D(0.242096, 0.130079, 0.961493, -0.962933, 0.153703, 0.221664, -0.118951, -0.979517, 0.162468, -2.57052, 3.75774, 3.87692)

[node name="Right Arm_011" parent="MeshRoot/Robot/Armature/Skeleton3D" index="82"]
transform = Transform3D(-0.177617, -0.209722, 0.961493, 0.952303, 0.209722, 0.221664, -0.248134, 0.955004, 0.162469, -2.42686, 3.52188, 3.02038)

[node name="Right Arm_010" parent="MeshRoot/Robot/Armature/Skeleton3D" index="83"]
transform = Transform3D(-0.177617, -0.209722, 0.961493, 0.952303, 0.209722, 0.221665, -0.248134, 0.955004, 0.162468, -2.38616, 3.48118, 2.83506)

[node name="Right Arm_009" parent="MeshRoot/Robot/Armature/Skeleton3D" index="84"]
transform = Transform3D(-0.17747, -0.210001, 0.961459, 0.952153, 0.210363, 0.221699, -0.248812, 0.954802, 0.16262, -2.34544, 3.44043, 2.64977)

[node name="Right Arm_007" parent="MeshRoot/Robot/Armature/Skeleton3D" index="85"]
transform = Transform3D(-0.118895, -0.198996, 0.972761, 0.970331, 0.184442, 0.156329, -0.210527, 0.962487, 0.171163, -2.26432, 3.35865, 2.27903)

[node name="Right Arm_008" parent="MeshRoot/Robot/Armature/Skeleton3D" index="86"]
transform = Transform3D(-0.118895, -0.198996, 0.972761, 0.970331, 0.184442, 0.156329, -0.210527, 0.962487, 0.171163, -2.30293, 3.39444, 2.4658)

[node name="Right Arm_006" parent="MeshRoot/Robot/Armature/Skeleton3D" index="87"]
transform = Transform3D(-0.1598, -0.220047, 0.962311, 0.949396, 0.232757, 0.210879, -0.270388, 0.947313, 0.171717, -2.22562, 3.32049, 2.10426)

[node name="Right Arm_005" parent="MeshRoot/Robot/Armature/Skeleton3D" index="88"]
transform = Transform3D(-0.179735, -0.205606, 0.961988, 0.954434, 0.200369, 0.221149, -0.238223, 0.957903, 0.160224, -2.18127, 3.27518, 1.90666)

[node name="Right Arm_004" parent="MeshRoot/Robot/Armature/Skeleton3D" index="89"]
transform = Transform3D(-0.177242, -0.210538, 0.961384, 0.951948, 0.211229, 0.22176, -0.249761, 0.954492, 0.162982, -2.1409, 3.23526, 1.72113)

[node name="Right Arm_003" parent="MeshRoot/Robot/Armature/Skeleton3D" index="90"]
transform = Transform3D(-0.17716, -0.210626, 0.96138, 0.951865, 0.211597, 0.221765, -0.250135, 0.954391, 0.163001, -2.10004, 3.19424, 1.53592)

[node name="Right Arm_002" parent="MeshRoot/Robot/Armature/Skeleton3D" index="91"]
transform = Transform3D(-0.177079, -0.210203, 0.961487, 0.951777, 0.212102, 0.221661, -0.250527, 0.954373, 0.162507, -2.05921, 3.15313, 1.35072)

[node name="Right Arm_001" parent="MeshRoot/Robot/Armature/Skeleton3D" index="92"]
transform = Transform3D(-0.176809, -0.209935, 0.961595, 0.951496, 0.213467, 0.221555, -0.251781, 0.954127, 0.162009, -2.01845, 3.11184, 1.16555)

[node name="Right Arm" parent="MeshRoot/Robot/Armature/Skeleton3D" index="93"]
transform = Transform3D(-0.179071, -0.210985, 0.960947, 0.953701, 0.202664, 0.222218, -0.241634, 0.956249, 0.164925, -1.97762, 3.07147, 0.980246)

[node name="Right Shoulder" parent="MeshRoot/Robot/Armature/Skeleton3D" index="94"]
transform = Transform3D(1, 1.36624e-05, 0.00038753, 8.61282e-05, 0.966579, -0.25637, -0.000378081, 0.25637, 0.966579, 0.00471437, 2.51341, 0.448688)

[node name="Hips" parent="MeshRoot/Robot/Armature/Skeleton3D" index="95"]
transform = Transform3D(0.998041, 4.42389e-05, 0.0625564, 0.00865163, 0.990292, -0.138731, -0.0619553, 0.139, 0.988352, 0.00464276, -0.322942, -0.148072)

[node name="AnimationTree" type="AnimationTree" parent="MeshRoot"]
root_node = NodePath("../Robot")
tree_root = SubResource("AnimationNodeBlendTree_0fiv8")
anim_player = NodePath("../Robot/AnimationPlayer")
parameters/is_gliding/blend_amount = 0.0
parameters/jump/active = false
parameters/jump/internal_active = false
parameters/jump/request = 0
parameters/movement_anim_speed/scale = 1.0
parameters/movement_blend/blend_position = 0.0
parameters/on_floor_blend/blend_amount = 0.0

[node name="Glider" parent="MeshRoot" node_paths=PackedStringArray("player") instance=ExtResource("11_inerc")]
transform = Transform3D(0.2, 0, 0, 0, 0.2, 0, 0, 0, 0.2, 0, 0, 0)
script = ExtResource("12_sntr0")
player = NodePath("../..")

[node name="CamRoot" type="Node3D" parent="." node_paths=PackedStringArray("player")]
transform = Transform3D(1, 0, 0, 0, 1, 0, 0, 0, 1, 0, 0.869557, 0)
script = ExtResource("13_j0ncc")
player = NodePath("..")

[node name="CamYaw" type="Node3D" parent="CamRoot"]

[node name="CamPitch" type="Node3D" parent="CamRoot/CamYaw"]

[node name="SpringArm3D" type="SpringArm3D" parent="CamRoot/CamYaw/CamPitch" node_paths=PackedStringArray("player")]
shape = SubResource("SphereShape3D_fbxo0")
spring_length = -3.0
script = ExtResource("14_jlokr")
player = NodePath("../../../..")

[node name="Camera3D" type="Camera3D" parent="CamRoot/CamYaw/CamPitch/SpringArm3D"]
transform = Transform3D(-1, 0, -8.74228e-08, 0, 1, 0, 8.74228e-08, 0, -1, 0, 0, 0)
current = true

[node name="HurtOverlay" type="TextureRect" parent="."]
modulate = Color(1, 1, 1, 0)
anchors_preset = 15
anchor_right = 1.0
anchor_bottom = 1.0
grow_horizontal = 2
grow_vertical = 2
texture = ExtResource("15_4lvj7")
expand_mode = 1

[node name="FallDamage" type="AudioStreamPlayer" parent="."]
stream = ExtResource("16_0wh5x")
pitch_scale = 0.75

[node name="Main Song" type="AudioStreamPlayer" parent="."]
pitch_scale = 0.75

[connection signal="pressed_glide" from="." to="MovementController" method="_glide"]
[connection signal="pressed_glide" from="." to="AnimationController" method="_glide"]
[connection signal="pressed_glide" from="." to="MeshRoot/Glider" method="_glide"]
[connection signal="pressed_glide" from="." to="CamRoot" method="_glide"]
[connection signal="pressed_jump" from="." to="MovementController" method="_jump"]
[connection signal="pressed_jump" from="." to="AnimationController" method="_jump"]
[connection signal="set_movement_direction" from="." to="MovementController" method="_on_set_movement_direction"]
[connection signal="set_movement_state" from="." to="MovementController" method="_on_set_movement_state"]
[connection signal="set_movement_state" from="." to="AnimationController" method="_on_set_movement_state"]
[connection signal="set_movement_state" from="." to="CamRoot" method="_on_set_movement_state"]
[connection signal="glide_mode" from="MovementController" to="AnimationController" method="_glide"]
[connection signal="is_hurt" from="MovementController" to="AudioController" method="_hurt"]
[connection signal="set_cam_rotation" from="CamRoot" to="MovementController" method="_on_set_cam_rotation"]

[editable path="MeshRoot/Robot"]
