[gd_scene load_steps=6 format=3 uid="uid://bhdvfievnjoad"]

[ext_resource type="PackedScene" uid="uid://bl6kwhkyn8rve" path="res://Assets/Character/Robot.blend" id="1_01o4b"]
[ext_resource type="Material" uid="uid://c8ryhdqngecwg" path="res://Scenes/Models/Player/Player Material.tres" id="2_4rq6j"]
[ext_resource type="Material" uid="uid://t44bjlwkvkj6" path="res://Scenes/Models/Player/Player Toon Shader.tres" id="3_wigwt"]

[sub_resource type="StandardMaterial3D" id="StandardMaterial3D_yg4ii"]
emission_enabled = true
emission = Color(0.619926, 0.89149, 0.987234, 1)
emission_energy_multiplier = 3.41

[sub_resource type="StandardMaterial3D" id="StandardMaterial3D_i6yo6"]
emission_enabled = true
emission = Color(0.909246, 0.937035, 0.0974056, 1)
emission_energy_multiplier = 16.0

[node name="Robot" instance=ExtResource("1_01o4b")]

[node name="Armature" parent="." index="0"]
transform = Transform3D(0.2, 0, 0, 0, 0.2, 0, 0, 0, 0.2, 0, 1.026, 0.015)

[node name="Skeleton3D" parent="Armature" index="0"]
bones/1/rotation = Quaternion(-5.04041e-07, -2.94083e-07, 0.896632, -0.442776)
bones/1/scale = Vector3(1, 1, 1)
bones/2/rotation = Quaternion(0.31309, 0.634014, 0.634015, 0.31309)
bones/2/scale = Vector3(1, 1, 1)
bones/3/rotation = Quaternion(5.04041e-07, -2.94083e-07, 0.896632, 0.442776)
bones/3/scale = Vector3(1, 1, 1)
bones/4/rotation = Quaternion(-0.31309, 0.634014, 0.634015, -0.31309)
bones/4/scale = Vector3(1, 1, 1)
bones/6/rotation = Quaternion(0.663755, 0.325731, 0.604437, -0.296621)
bones/6/scale = Vector3(1, 1, 1)
bones/7/scale = Vector3(1, 1, 1)
bones/11/rotation = Quaternion(2.50173e-11, -0.00191784, 1.30485e-08, 0.999998)
bones/12/rotation = Quaternion(-2.7032e-11, 0.00191772, -1.40999e-08, 0.999998)
bones/15/rotation = Quaternion(2.41318e-11, -0.00912785, 2.64392e-09, 0.999958)
bones/15/scale = Vector3(1, 1, 1)
bones/16/rotation = Quaternion(0.000685566, 0.00910158, 0.0751118, 0.997133)
bones/16/scale = Vector3(1, 1, 1)
bones/17/rotation = Quaternion(-1.13874e-07, -2.78837e-08, 0.25418, 0.967157)
bones/18/scale = Vector3(1, 1, 1)
bones/22/rotation = Quaternion(-0.00627422, -0.700595, 0.00638956, 0.713503)
bones/22/scale = Vector3(1, 1, 1)
bones/23/rotation = Quaternion(9.70483e-05, -0.707107, -9.74232e-05, 0.707106)
bones/23/scale = Vector3(1, 1, 1)
bones/24/rotation = Quaternion(-0.011588, -0.707012, 0.0115876, 0.707011)
bones/24/scale = Vector3(1, 1, 1)
bones/25/rotation = Quaternion(-0.00103325, -0.707106, 0.0010328, 0.707106)
bones/25/scale = Vector3(1, 1, 1)
bones/26/scale = Vector3(1, 1, 1)
bones/27/scale = Vector3(1, 1, 1)
bones/28/rotation = Quaternion(0.00533471, -0.700996, -0.00542725, 0.713125)
bones/29/rotation = Quaternion(-0.00554276, -0.713264, 0.00544592, 0.700853)
bones/30/rotation = Quaternion(0.00206213, -0.699771, -0.00210536, 0.714361)
bones/31/rotation = Quaternion(-0.316564, -0.309465, -0.671411, 0.594328)
bones/31/scale = Vector3(1, 1, 1)
bones/32/rotation = Quaternion(5.92255e-05, 0.000705645, 0.0836584, 0.996494)
bones/33/rotation = Quaternion(-8.43255e-08, -3.73561e-08, 0.452437, 0.891796)
bones/34/rotation = Quaternion(-0.498484, -0.498483, -0.501512, 0.501512)
bones/34/scale = Vector3(1, 1, 1)
bones/39/rotation = Quaternion(0.000705413, -5.92449e-05, 0.996494, -0.0836587)
bones/40/rotation = Quaternion(0.496456, 0.496455, -0.50352, 0.503519)
bones/41/rotation = Quaternion(0.663115, -0.325983, -0.604689, -0.297261)
bones/42/rotation = Quaternion(-0.316489, 0.310354, 0.671379, 0.593941)
bones/42/scale = Vector3(1, 1, 1)
bones/43/rotation = Quaternion(5.92629e-05, -0.000705604, -0.0836585, 0.996494)
bones/44/rotation = Quaternion(-6.1954e-08, -1.49573e-08, -0.452437, 0.891796)
bones/45/rotation = Quaternion(-0.497815, 0.497815, 0.502176, 0.502175)
bones/50/rotation = Quaternion(-0.000705376, -5.9282e-05, 0.996494, 0.0836592)
bones/50/scale = Vector3(0.999986, 1, 1)
bones/51/rotation = Quaternion(0.496456, -0.496455, 0.50352, 0.503519)
bones/52/rotation = Quaternion(-0.4407, -0.0413133, -0.0203091, 0.896473)
bones/56/rotation = Quaternion(2.50116e-11, 0.00191784, -1.30485e-08, 0.999998)
bones/57/rotation = Quaternion(-2.70358e-11, -0.00191772, 1.40999e-08, 0.999998)
bones/60/rotation = Quaternion(2.41293e-11, 0.00912785, -2.64392e-09, 0.999958)
bones/60/scale = Vector3(1, 1, 1)
bones/61/rotation = Quaternion(0.000685563, -0.00910156, -0.0751118, 0.997133)
bones/61/scale = Vector3(1, 1, 1)
bones/62/rotation = Quaternion(-1.05239e-07, 7.11492e-08, -0.25418, 0.967157)
bones/63/rotation = Quaternion(-0.707107, 3.55614e-08, 0.707107, 2.1732e-08)
bones/63/scale = Vector3(1, 1, 1)
bones/67/rotation = Quaternion(-0.00638968, -0.713503, 0.00627398, 0.700595)
bones/67/scale = Vector3(1, 1, 1)
bones/68/rotation = Quaternion(9.72319e-05, -0.707106, -9.73529e-05, 0.707107)
bones/68/scale = Vector3(1, 1, 1)
bones/69/rotation = Quaternion(-0.0115879, -0.707012, 0.0115877, 0.707012)
bones/69/scale = Vector3(1, 1, 1)
bones/70/scale = Vector3(1, 1, 1)
bones/71/rotation = Quaternion(-0.0032694, -0.708454, 0.00325679, 0.705742)
bones/71/scale = Vector3(1, 1, 1)
bones/72/rotation = Quaternion(-0.00545041, -0.707086, 0.00545026, 0.707086)
bones/72/scale = Vector3(1, 1, 1)
bones/73/rotation = Quaternion(-0.000683656, -0.707106, 0.000683495, 0.707107)
bones/73/scale = Vector3(1, 1, 1)
bones/74/rotation = Quaternion(0.000710748, -0.707106, -0.000710912, 0.707107)
bones/74/scale = Vector3(1, 1, 1)
bones/76/rotation = Quaternion(9.51347e-08, 3.91638e-08, 0.00725219, 0.999974)
bones/76/scale = Vector3(1, 1, 1)
bones/77/rotation = Quaternion(-9.42702e-08, 8.00424e-08, -0.00725219, 0.999974)
bones/77/scale = Vector3(1, 1, 1)
bones/80/rotation = Quaternion(-1.72731e-08, -1.19151e-07, -1.8772e-09, 1)
bones/81/rotation = Quaternion(0.707107, 0, 0, 0.707107)
bones/82/rotation = Quaternion(0.707107, 0, 0, 0.707107)
bones/83/rotation = Quaternion(-2.34868e-08, -1.19864e-07, 2.91038e-10, 1)
bones/84/rotation = Quaternion(-0.000422106, -0.0145583, -4.96455e-09, 0.999894)
bones/84/scale = Vector3(1, 1, 1)
bones/87/rotation = Quaternion(-0.000896317, 0.00168269, -0.717235, 0.696829)
bones/87/scale = Vector3(1, 1, 1)
bones/88/rotation = Quaternion(-0.00494084, 7.14922e-05, 0.297733, 0.954636)
bones/89/rotation = Quaternion(0.0178554, -0.0067216, -0.740963, 0.671275)
bones/89/scale = Vector3(1, 1, 1)
bones/90/rotation = Quaternion(-0.0143899, -0.00333229, -0.0540613, 0.998428)
bones/90/scale = Vector3(1, 1, 1)
bones/96/rotation = Quaternion(-0.0126537, 0.000662055, 0.0481497, 0.99876)
bones/98/rotation = Quaternion(-0.0163116, -0.0404168, 0.0533323, 0.997625)
bones/98/scale = Vector3(1, 1, 1)
bones/102/rotation = Quaternion(-6.28291e-09, -7.81915e-08, 0.00604859, 0.999982)
bones/102/scale = Vector3(1, 1, 1)
bones/105/rotation = Quaternion(-6.62427e-10, 1.44506e-07, 0.00087978, 1)
bones/106/rotation = Quaternion(0.000760368, 3.47847e-05, 0.94212, 0.335276)
bones/107/rotation = Quaternion(0.00076047, 3.55089e-05, 0.942414, 0.334447)
bones/107/scale = Vector3(1, 1, 1)
bones/108/rotation = Quaternion(0.000760168, 4.17837e-05, 0.945144, 0.326653)
bones/108/scale = Vector3(1, 1, 1)
bones/109/rotation = Quaternion(-8.77514e-08, 3.3197e-07, 0.0640607, 0.997946)
bones/110/rotation = Quaternion(1.39102e-08, -8.02659e-08, -0.00846498, 0.999964)
bones/111/rotation = Quaternion(-1.23116e-10, 1.42563e-07, 3.92348e-05, 1)
bones/112/rotation = Quaternion(0.000754396, 0.00010082, 0.967676, 0.252197)
bones/112/scale = Vector3(1, 1, 1)
bones/113/rotation = Quaternion(0.000754522, 0.000100893, 0.967685, 0.252159)
bones/113/scale = Vector3(1, 1, 1)
bones/114/rotation = Quaternion(0.000755239, 9.44482e-05, 0.965516, 0.260342)
bones/114/scale = Vector3(1, 1, 1)
bones/115/rotation = Quaternion(5.14655e-08, 4.24464e-07, -0.0351677, 0.999381)
bones/118/rotation = Quaternion(0.00014769, 0.000533431, 0.988183, 0.15328)
bones/118/scale = Vector3(1, 1, 1)
bones/119/rotation = Quaternion(0.000151517, 0.000532356, 0.987065, 0.160317)
bones/120/rotation = Quaternion(0.000154268, 0.000531601, 0.986257, 0.165218)
bones/120/scale = Vector3(1, 1, 1)
bones/121/rotation = Quaternion(7.624e-07, 8.13779e-07, -0.396704, 0.917946)
bones/122/rotation = Quaternion(2.39691e-09, -5.35418e-08, -0.0011728, 0.999999)
bones/123/rotation = Quaternion(-5.11122e-05, 0.000551969, 0.978457, -0.206448)
bones/123/scale = Vector3(1, 1, 1)
bones/124/rotation = Quaternion(-5.05253e-05, 0.000552048, 0.978699, -0.2053)
bones/124/scale = Vector3(1, 1, 1)
bones/125/rotation = Quaternion(-5.14824e-07, -1.73587e-07, 0.980485, 0.196593)
bones/125/scale = Vector3(1, 1, 1)
bones/126/rotation = Quaternion(-5.14824e-07, -1.73587e-07, 0.980485, 0.196593)
bones/126/scale = Vector3(1, 1, 1)
bones/127/rotation = Quaternion(-5.90107e-07, -1.93066e-07, 0.981656, 0.190659)
bones/127/scale = Vector3(1, 1, 1)
bones/128/rotation = Quaternion(-5.2844e-07, -1.83104e-07, 0.981656, 0.190659)
bones/128/scale = Vector3(1, 1, 1)
bones/129/rotation = Quaternion(-5.32235e-07, -1.79309e-07, 0.981656, 0.190659)
bones/129/scale = Vector3(1, 1, 1)
bones/130/rotation = Quaternion(-6.328e-07, -2.05636e-07, 0.981656, 0.190659)
bones/130/scale = Vector3(1, 1, 1)
bones/131/rotation = Quaternion(-5.3772e-07, -1.79072e-07, 0.981656, 0.190659)
bones/131/scale = Vector3(1, 1, 1)
bones/132/rotation = Quaternion(1.97454e-08, -7.45491e-08, 0.981656, 0.190658)
bones/132/scale = Vector3(1, 1, 1)
bones/133/rotation = Quaternion(-5.32235e-07, -1.8263e-07, 0.981656, 0.190659)
bones/133/scale = Vector3(1, 1, 1)
bones/134/rotation = Quaternion(1.0436e-08, -7.30519e-08, 0.981656, 0.190658)
bones/134/scale = Vector3(1, 1, 1)
bones/135/rotation = Quaternion(-5.34133e-07, -1.79784e-07, 0.981656, 0.190659)
bones/135/scale = Vector3(1, 1, 1)
bones/136/rotation = Quaternion(-6.35646e-07, -2.10617e-07, 0.981656, 0.190659)
bones/136/scale = Vector3(1, 1, 1)
bones/137/rotation = Quaternion(-4.09375e-07, -1.51085e-07, 0.981656, 0.190658)
bones/137/scale = Vector3(1, 1, 1)
bones/138/rotation = Quaternion(-5.38876e-07, -1.79665e-07, 0.981656, 0.190659)
bones/138/scale = Vector3(1, 1, 1)
bones/139/rotation = Quaternion(0.00378579, -0.00543955, 0.470836, 0.882196)
bones/139/scale = Vector3(1, 1, 1)
bones/140/rotation = Quaternion(-0.00108472, -0.00157224, 0.707184, 0.707027)
bones/140/scale = Vector3(1, 1, 1)
bones/141/rotation = Quaternion(-0.00484098, -0.000232663, -0.297911, 0.954581)
bones/142/rotation = Quaternion(0.0154957, 0.00889632, 0.74314, 0.668897)
bones/142/scale = Vector3(1, 1, 1)
bones/143/rotation = Quaternion(-0.0146107, 0.000122842, 0.0508492, 0.998599)
bones/149/rotation = Quaternion(-0.0128944, -0.00640975, -0.0538938, 0.998443)
bones/149/scale = Vector3(1, 1, 1)
bones/150/rotation = Quaternion(0.0312352, -0.0266255, 0.113712, 0.992666)
bones/151/rotation = Quaternion(-0.0162229, 0.0331638, -0.0605798, 0.99748)
bones/151/scale = Vector3(1, 1, 1)
bones/155/rotation = Quaternion(-6.09949e-09, 7.80795e-08, -0.0060486, 0.999982)
bones/155/scale = Vector3(1, 1, 1)
bones/156/rotation = Quaternion(-1.56508e-07, -1.89241e-07, -0.133093, 0.991104)
bones/156/scale = Vector3(1, 1, 1)
bones/157/rotation = Quaternion(-1.45058e-08, -2.28915e-08, -0.00825755, 0.999966)
bones/158/rotation = Quaternion(-6.41562e-10, -1.4453e-07, -0.00087978, 1)
bones/159/rotation = Quaternion(0.000689741, -3.25028e-05, 0.941954, -0.33574)
bones/159/scale = Vector3(0.999999, 1, 1)
bones/160/rotation = Quaternion(0.000689572, -3.30871e-05, 0.942249, -0.334911)
bones/160/scale = Vector3(0.999999, 1, 1)
bones/161/rotation = Quaternion(0.000689259, -3.87644e-05, 0.944983, -0.327119)
bones/161/scale = Vector3(0.999999, 1, 1)
bones/162/rotation = Quaternion(-8.27382e-08, -3.3349e-07, -0.0640607, 0.997946)
bones/165/rotation = Quaternion(0.000684398, -9.21662e-05, 0.967551, -0.252674)
bones/165/scale = Vector3(0.999999, 1, 1)
bones/166/rotation = Quaternion(0.000684247, -9.21744e-05, 0.967561, -0.252636)
bones/166/scale = Vector3(0.999999, 1, 1)
bones/167/rotation = Quaternion(0.00068508, -8.63945e-05, 0.965388, -0.260817)
bones/167/scale = Vector3(0.999999, 1, 1)
bones/168/rotation = Quaternion(4.92962e-08, -4.23882e-07, 0.0351676, 0.999381)
bones/169/rotation = Quaternion(1.06161e-08, -8.55839e-08, 0.00496715, 0.999988)
bones/170/rotation = Quaternion(1.42861e-08, -3.03825e-08, 0.00712437, 0.999975)
bones/171/rotation = Quaternion(0.000671491, -0.000161848, 0.988394, -0.151907)
bones/171/scale = Vector3(0.999999, 1, 1)
bones/172/rotation = Quaternion(0.000672593, -0.00015706, 0.987287, -0.158945)
bones/172/scale = Vector3(0.999999, 1, 1)
bones/173/rotation = Quaternion(0.000673296, -0.000153742, 0.986485, -0.163847)
bones/173/scale = Vector3(0.999999, 1, 1)
bones/174/rotation = Quaternion(7.5165e-07, -8.11006e-07, 0.396704, 0.917946)
bones/175/rotation = Quaternion(1.22299e-10, 5.35334e-08, 0.00117277, 0.999999)
bones/176/rotation = Quaternion(0.000571137, -0.000388282, 0.97817, 0.207807)
bones/176/scale = Vector3(0.999999, 1, 1)
bones/177/rotation = Quaternion(0.00057162, -0.000387582, 0.978413, 0.20666)
bones/177/scale = Vector3(0.999999, 1, 1)
bones/178/rotation = Quaternion(5.10905e-07, -1.78811e-07, 0.980485, -0.196593)
bones/178/scale = Vector3(1, 1, 1)
bones/179/rotation = Quaternion(5.10905e-07, -1.78811e-07, 0.980485, -0.196593)
bones/179/scale = Vector3(1, 1, 1)
bones/180/rotation = Quaternion(-7.42737e-08, 5.45993e-07, 0.00430816, 0.999991)
bones/181/rotation = Quaternion(-7.03155e-08, 5.87903e-07, 0.00430815, 0.999991)
bones/182/rotation = Quaternion(-7.00827e-08, 6.09091e-07, 0.00430815, 0.999991)
bones/183/rotation = Quaternion(-7.6602e-08, 5.41918e-07, 0.00430811, 0.999991)
bones/184/rotation = Quaternion(-7.6602e-08, 5.41918e-07, 0.00430811, 0.999991)
bones/185/rotation = Quaternion(-7.70895e-08, -1.30241e-08, 0.00430753, 0.999991)
bones/185/scale = Vector3(1, 1, 1)
bones/186/rotation = Quaternion(-6.79872e-08, 5.36447e-07, 0.00430812, 0.999991)
bones/187/rotation = Quaternion(-6.89185e-08, -1.86266e-08, 0.00430753, 0.999991)
bones/187/scale = Vector3(1, 1, 1)
bones/188/rotation = Quaternion(-7.31095e-08, 5.41569e-07, 0.00430815, 0.999991)
bones/189/rotation = Quaternion(-6.19335e-08, 6.44947e-07, 0.00430824, 0.999991)
bones/190/rotation = Quaternion(-7.54378e-08, 5.41802e-07, 0.00430809, 0.999991)
bones/190/scale = Vector3(1, 1, 1)
bones/191/rotation = Quaternion(-7.07812e-08, 5.4739e-07, 0.00430815, 0.999991)
bones/192/rotation = Quaternion(0.00378579, 0.00543955, -0.470836, 0.882196)
bones/192/scale = Vector3(1, 1, 1)
bones/194/rotation = Quaternion(-0.000631358, 0.0312935, -4.18974e-05, 0.99951)

[node name="Lower Left Leg" parent="Armature/Skeleton3D" index="0"]
transform = Transform3D(1, -7.70437e-07, -2.16067e-07, 7.59819e-07, 0.988715, -0.149805, 1.33221e-07, 0.149805, 0.988716, 0.943307, -3.57423, -0.112716)

[node name="Lower Left Leg" parent="Armature/Skeleton3D/Lower Left Leg" index="0"]
material_override = ExtResource("3_wigwt")

[node name="Left Leg Joint Cutouts" parent="Armature/Skeleton3D" index="1"]
transform = Transform3D(1, -7.70437e-07, -2.16067e-07, 7.59819e-07, 0.988715, -0.149805, 1.33221e-07, 0.149805, 0.988716, 0.940697, -2.77144, -0.0586599)

[node name="Left Leg Joint Cutouts" parent="Armature/Skeleton3D/Left Leg Joint Cutouts" index="0"]
material_override = ExtResource("3_wigwt")

[node name="Lower Left Leg Joint" parent="Armature/Skeleton3D" index="2"]
transform = Transform3D(1, -7.70437e-07, -2.16067e-07, 7.59819e-07, 0.988715, -0.149805, 1.33221e-07, 0.149805, 0.988716, 0.95221, -2.6211, -0.0406416)

[node name="Lower Left Leg Joint" parent="Armature/Skeleton3D/Lower Left Leg Joint" index="0"]
surface_material_override/0 = ExtResource("3_wigwt")
surface_material_override/1 = SubResource("StandardMaterial3D_yg4ii")

[node name="Lower Left Leg Light" parent="Armature/Skeleton3D" index="3"]
transform = Transform3D(1, -7.70437e-07, -2.16067e-07, 7.59819e-07, 0.988715, -0.149805, 1.33221e-07, 0.149805, 0.988716, 1.22953, -3.38852, -0.28406)

[node name="Lower Left Leg Light" parent="Armature/Skeleton3D/Lower Left Leg Light" index="0"]
surface_material_override/0 = ExtResource("3_wigwt")
surface_material_override/1 = SubResource("StandardMaterial3D_i6yo6")

[node name="Limb Segment_018" parent="Armature/Skeleton3D" index="4"]
transform = Transform3D(0.99984, -0.0179085, 1.29454e-06, -0.0179085, -0.999839, -8.61172e-07, 1.11572e-06, 8.92789e-07, -1, 0.963424, -1.54742, -0.0164459)

[node name="Limb Segment_018" parent="Armature/Skeleton3D/Limb Segment_018" index="0"]
material_override = ExtResource("3_wigwt")

[node name="Limb Segment_017" parent="Armature/Skeleton3D" index="5"]
transform = Transform3D(1, 0.000275829, 2.31606e-07, 0.000275859, -1, -1.03456e-06, 3.77374e-08, 1.08671e-06, -1, 0.950513, -1.548, -0.0164461)

[node name="Limb Segment_017" parent="Armature/Skeleton3D/Limb Segment_017" index="0"]
material_override = ExtResource("3_wigwt")

[node name="Limb Segment_016" parent="Armature/Skeleton3D" index="6"]
transform = Transform3D(0.999463, -0.0327701, -4.8365e-07, -0.03277, -0.999463, -1.03782e-06, -6.59813e-07, 1.11157e-06, -1, 0.966753, -1.54859, -0.0164461)

[node name="Limb Segment_016" parent="Armature/Skeleton3D/Limb Segment_016" index="0"]
material_override = ExtResource("3_wigwt")

[node name="Limb Segment_015" parent="Armature/Skeleton3D" index="7"]
transform = Transform3D(0.999996, -0.00292103, 7.0897e-07, -0.002921, -0.999996, -1.1591e-06, 5.16931e-07, 1.20963e-06, -1, 0.959018, -1.54932, -0.016446)

[node name="Limb Segment_015" parent="Armature/Skeleton3D/Limb Segment_015" index="0"]
material_override = ExtResource("3_wigwt")

[node name="Limb Segment_014" parent="Armature/Skeleton3D" index="8"]
transform = Transform3D(0.999957, -0.0092288, 1.78814e-07, -0.00922877, -0.999957, -8.25431e-07, -2.53785e-08, 8.77433e-07, -1, 0.959259, -1.54981, -0.0164462)

[node name="Limb Segment_014" parent="Armature/Skeleton3D/Limb Segment_014" index="0"]
material_override = ExtResource("3_wigwt")

[node name="Limb Segment_013" parent="Armature/Skeleton3D" index="9"]
transform = Transform3D(0.999881, -0.0154147, 1.14492e-07, -0.0154146, -0.999881, -1.07551e-06, -7.04862e-08, 1.12899e-06, -1, 0.958232, -1.55034, -0.0164461)

[node name="Limb Segment_013" parent="Armature/Skeleton3D/Limb Segment_013" index="0"]
material_override = ExtResource("3_wigwt")

[node name="Limb Segment_012" parent="Armature/Skeleton3D" index="10"]
transform = Transform3D(0.999737, 0.0152184, 0.0171533, 0.0152207, -0.999884, -8.15605e-07, 0.0171512, 0.000261951, -0.999853, 0.969036, -1.55056, -0.0161701)

[node name="Limb Segment_012" parent="Armature/Skeleton3D/Limb Segment_012" index="0"]
material_override = ExtResource("3_wigwt")

[node name="Limb Segment_011" parent="Armature/Skeleton3D" index="11"]
transform = Transform3D(0.999725, -0.0155373, -0.0175507, -0.0155396, -0.999879, -1.07202e-06, -0.0175489, 0.000273859, -0.999846, 0.953303, -1.55098, -0.0164527)

[node name="Limb Segment_011" parent="Armature/Skeleton3D/Limb Segment_011" index="0"]
material_override = ExtResource("3_wigwt")

[node name="Limb Segment_003" parent="Armature/Skeleton3D" index="12"]
transform = Transform3D(0.99977, 0.0058935, 0.0206331, 0.0058948, -0.999983, -8.4933e-07, 0.0206325, 0.000122528, -0.999788, 0.967596, -1.55127, -0.0161438)

[node name="Limb Segment_003" parent="Armature/Skeleton3D/Limb Segment_003" index="0"]
material_override = ExtResource("3_wigwt")

[node name="Left Foot" parent="Armature/Skeleton3D" index="13"]
transform = Transform3D(0.999982, -1.58465e-06, 0.00605708, 1.46544e-06, 1, 2.71339e-06, -0.00605732, -2.77304e-06, 0.999982, 0.925029, -4.63846, 0.34222)

[node name="Left Foot" parent="Armature/Skeleton3D/Left Foot" index="0"]
material_override = ExtResource("3_wigwt")

[node name="Foot_005" parent="Armature/Skeleton3D" index="14"]
transform = Transform3D(0.999982, -1.58465e-06, 0.00605708, 1.46544e-06, 1, 2.71339e-06, -0.00605732, -2.77304e-06, 0.999982, 0.940109, -4.05737, 0.0554368)

[node name="Foot_005" parent="Armature/Skeleton3D/Foot_005" index="0"]
transform = Transform3D(1, 5.65206e-14, -4.65661e-10, 4.4964e-15, 1, -1.42109e-14, 0, -9.69006e-19, 1, 0.00855339, 0.00256896, -0.0261476)
material_override = ExtResource("3_wigwt")

[node name="Foot_006" parent="Armature/Skeleton3D" index="15"]
transform = Transform3D(0.999982, -1.58465e-06, 0.00605708, 1.46544e-06, 1, 2.71339e-06, -0.00605732, -2.77304e-06, 0.999982, 0.943911, -4.9923, 0.682799)

[node name="Foot_007" parent="Armature/Skeleton3D" index="16"]
transform = Transform3D(0.999982, -1.58465e-06, 0.00605708, 1.46544e-06, 1, 2.71339e-06, -0.00605732, -2.77304e-06, 0.999982, 0.936816, -4.99231, -0.488547)

[node name="Left Foot Joint" parent="Armature/Skeleton3D" index="17"]
transform = Transform3D(0.999982, -1.58465e-06, 0.00605708, 1.46544e-06, 1, 2.71339e-06, -0.00605732, -2.77304e-06, 0.999982, 1.36246, -4.33935, 0.0669399)

[node name="Left Foot Joint" parent="Armature/Skeleton3D/Left Foot Joint" index="0"]
surface_material_override/0 = ExtResource("3_wigwt")
surface_material_override/1 = SubResource("StandardMaterial3D_yg4ii")

[node name="Right Foot" parent="Armature/Skeleton3D" index="18"]
transform = Transform3D(0.999962, -1.60768e-07, -0.00872209, 4.1903e-07, 1, 3.11727e-06, 0.00872214, -3.04003e-06, 0.999962, -0.916612, -4.63846, 0.342356)

[node name="Right Foot" parent="Armature/Skeleton3D/Right Foot" index="0"]
material_override = ExtResource("3_wigwt")

[node name="Foot" parent="Armature/Skeleton3D" index="19"]
transform = Transform3D(0.999962, -1.60768e-07, -0.00872209, 4.1903e-07, 1, 3.11727e-06, 0.00872214, -3.04003e-06, 0.999962, -0.93093, -4.05737, 0.0555336)

[node name="Foot" parent="Armature/Skeleton3D/Foot" index="0"]
material_override = ExtResource("3_wigwt")

[node name="Foot_001" parent="Armature/Skeleton3D" index="20"]
transform = Transform3D(0.999962, -1.60768e-07, -0.00872209, 4.1903e-07, 1, 3.11727e-06, 0.00872214, -3.04003e-06, 0.999962, -0.936401, -4.9923, 0.682883)

[node name="Foot_002" parent="Armature/Skeleton3D" index="21"]
transform = Transform3D(0.999962, -1.60768e-07, -0.00872209, 4.1903e-07, 1, 3.11727e-06, 0.00872214, -3.04003e-06, 0.999962, -0.926184, -4.99231, -0.488439)

[node name="Right Foot Joint" parent="Armature/Skeleton3D" index="22"]
transform = Transform3D(0.999962, -1.60768e-07, -0.00872209, 4.1903e-07, 1, 3.11727e-06, 0.00872214, -3.04003e-06, 0.999962, -1.35331, -4.33935, 0.065911)

[node name="Right Foot Joint" parent="Armature/Skeleton3D/Right Foot Joint" index="0"]
surface_material_override/0 = ExtResource("3_wigwt")
surface_material_override/1 = SubResource("StandardMaterial3D_yg4ii")

[node name="Lower Right Leg" parent="Armature/Skeleton3D" index="23"]
transform = Transform3D(1, 2.06986e-07, 3.72527e-09, 9.34937e-08, 0.988716, -0.149805, -4.52074e-09, 0.149805, 0.988716, -0.933936, -3.57423, -0.112715)

[node name="Lower Right Leg" parent="Armature/Skeleton3D/Lower Right Leg" index="0"]
material_override = ExtResource("3_wigwt")

[node name="Lower Right Leg Joint" parent="Armature/Skeleton3D" index="24"]
transform = Transform3D(1, 2.06986e-07, 3.72527e-09, 9.34937e-08, 0.988716, -0.149805, -4.52074e-09, 0.149805, 0.988716, -0.942839, -2.6211, -0.0406414)

[node name="Lower Right Leg Joint" parent="Armature/Skeleton3D/Lower Right Leg Joint" index="0"]
surface_material_override/0 = ExtResource("3_wigwt")
surface_material_override/1 = SubResource("StandardMaterial3D_yg4ii")

[node name="Lower Right Leg Light" parent="Armature/Skeleton3D" index="25"]
transform = Transform3D(1, 2.06986e-07, 3.72527e-09, 9.34937e-08, 0.988716, -0.149805, -4.52074e-09, 0.149805, 0.988716, -1.22016, -3.38852, -0.28406)

[node name="Lower Right Leg Light" parent="Armature/Skeleton3D/Lower Right Leg Light" index="0"]
surface_material_override/0 = ExtResource("3_wigwt")
surface_material_override/1 = SubResource("StandardMaterial3D_i6yo6")

[node name="Right Leg Joint Cutouts" parent="Armature/Skeleton3D" index="26"]
transform = Transform3D(1, 2.06986e-07, 3.72527e-09, 9.34937e-08, 0.988716, -0.149805, -4.52074e-09, 0.149805, 0.988716, -0.931326, -2.77145, -0.0586599)

[node name="Right Leg Joint Cutouts" parent="Armature/Skeleton3D/Right Leg Joint Cutouts" index="0"]
material_override = ExtResource("3_wigwt")

[node name="Limb Segment_010" parent="Armature/Skeleton3D" index="27"]
transform = Transform3D(-0.99984, 0.0179089, 7.3947e-07, -0.0179091, -0.99984, 7.29856e-07, 6.72415e-07, 7.09522e-07, 1, -0.954083, -1.54669, -0.0144884)

[node name="Limb Segment_010" parent="Armature/Skeleton3D/Limb Segment_010" index="0"]
material_override = ExtResource("3_wigwt")

[node name="Limb Segment_009" parent="Armature/Skeleton3D" index="28"]
transform = Transform3D(-1, -0.000275483, -3.22997e-07, 0.000275185, -1, 7.13243e-07, -3.5304e-07, 7.05665e-07, 1, -0.94116, -1.54744, -0.0144885)

[node name="Limb Segment_009" parent="Armature/Skeleton3D/Limb Segment_009" index="0"]
material_override = ExtResource("3_wigwt")

[node name="Limb Segment_008" parent="Armature/Skeleton3D" index="29"]
transform = Transform3D(-0.999463, 0.0327705, 3.32654e-07, -0.0327708, -0.999463, 5.9265e-07, 3.31145e-07, 5.74808e-07, 1, -0.957424, -1.54772, -0.0144883)

[node name="Limb Segment_008" parent="Armature/Skeleton3D/Limb Segment_008" index="0"]
material_override = ExtResource("3_wigwt")

[node name="Limb Segment_007" parent="Armature/Skeleton3D" index="30"]
transform = Transform3D(-0.999996, 0.00292141, -3.22936e-07, -0.0029217, -0.999996, 6.79706e-07, -3.50124e-07, 6.73227e-07, 1, -0.949667, -1.54872, -0.0144883)

[node name="Limb Segment_007" parent="Armature/Skeleton3D/Limb Segment_007" index="0"]
material_override = ExtResource("3_wigwt")

[node name="Limb Segment_006" parent="Armature/Skeleton3D" index="31"]
transform = Transform3D(-0.999958, 0.00922905, 1.00117e-07, -0.00922935, -0.999958, 7.4068e-07, 1.22236e-07, 7.32492e-07, 1, -0.949912, -1.54915, -0.0144883)

[node name="Limb Segment_006" parent="Armature/Skeleton3D/Limb Segment_006" index="0"]
material_override = ExtResource("3_wigwt")

[node name="Limb Segment_005" parent="Armature/Skeleton3D" index="32"]
transform = Transform3D(-0.999881, 0.0154151, 3.34284e-07, -0.0154154, -0.999881, 6.88546e-07, 3.18211e-07, 6.76295e-07, 1, -0.948889, -1.54963, -0.0144884)

[node name="Limb Segment_005" parent="Armature/Skeleton3D/Limb Segment_005" index="0"]
material_override = ExtResource("3_wigwt")

[node name="Limb Segment_004" parent="Armature/Skeleton3D" index="33"]
transform = Transform3D(-0.999998, 0.00193315, -1.51346e-06, -0.00193344, -0.999998, 6.50305e-07, -1.54158e-06, 6.45922e-07, 1, -0.95363, -1.5502, -0.0144884)

[node name="Limb Segment_004" parent="Armature/Skeleton3D/Limb Segment_004" index="0"]
material_override = ExtResource("3_wigwt")

[node name="Limb Segment_001" parent="Armature/Skeleton3D" index="34"]
transform = Transform3D(-0.999998, -0.00201083, -1.15583e-06, 0.00201053, -0.999998, 6.45336e-07, -1.18738e-06, 6.35701e-07, 1, -0.955642, -1.5505, -0.0144884)

[node name="Limb Segment_001" parent="Armature/Skeleton3D/Limb Segment_001" index="0"]
material_override = ExtResource("3_wigwt")

[node name="Limb Segment_002" parent="Armature/Skeleton3D" index="35"]
transform = Transform3D(-0.999892, 0.0147384, -4.17233e-07, -0.0147387, -0.999892, 6.91041e-07, -4.33867e-07, 6.89626e-07, 1, -0.94451, -1.55072, -0.0144885)

[node name="Limb Segment_002" parent="Armature/Skeleton3D/Limb Segment_002" index="0"]
material_override = ExtResource("3_wigwt")

[node name="Head_2" parent="Armature/Skeleton3D" index="36"]
transform = Transform3D(1, 2.82307e-09, 1.16572e-10, -2.82306e-09, 1, 3.45462e-08, -1.16586e-10, -3.45462e-08, 1, 0.0046819, 4.36677, 0.258839)

[node name="Head_2" parent="Armature/Skeleton3D/Head_2" index="0"]
transform = Transform3D(1, 1.81899e-12, -8.73115e-11, 3.63843e-12, 1, -1.49012e-08, -5.82077e-11, 0, 1, -0.0443553, -0.0147696, 0.000644565)
material_override = ExtResource("3_wigwt")

[node name="Inner Eye Lights" parent="Armature/Skeleton3D" index="37"]
transform = Transform3D(1, 1.16572e-10, -2.82307e-09, -2.82306e-09, 3.45462e-08, -1, -1.16586e-10, 1, 3.45462e-08, 0.00468482, 4.42553, 0.749813)

[node name="Inner Eye Lights" parent="Armature/Skeleton3D/Inner Eye Lights" index="0"]
surface_material_override/0 = SubResource("StandardMaterial3D_i6yo6")

[node name="Lights 2" parent="Armature/Skeleton3D" index="38"]
transform = Transform3D(1, 1.16572e-10, -2.82307e-09, -2.82306e-09, 3.45462e-08, -1, -1.16586e-10, 1, 3.45462e-08, 0.00468463, 4.41193, 0.72831)

[node name="Lights 2" parent="Armature/Skeleton3D/Lights 2" index="0"]
surface_material_override/0 = SubResource("StandardMaterial3D_yg4ii")

[node name="Right Arm_012" parent="Armature/Skeleton3D" index="39"]
transform = Transform3D(1, -1.5134e-09, -1.30942e-09, 1.51342e-09, 1, 4.69736e-08, 1.30942e-09, -4.69736e-08, 1, -0.0203595, 3.34207, -0.0144376)

[node name="Right Arm_012" parent="Armature/Skeleton3D/Right Arm_012" index="0"]
material_override = ExtResource("3_wigwt")

[node name="Main Body_2" parent="Armature/Skeleton3D" index="40"]
transform = Transform3D(0.999576, 1.23e-05, -0.0291133, 1.22804e-05, 1, 0.000844122, 0.0291133, -0.000844122, 0.999576, 0.00468407, 2.3673, 0.0116158)

[node name="Main Body_2" parent="Armature/Skeleton3D/Main Body_2" index="0"]
transform = Transform3D(1, 0, -1.86265e-09, 2.32831e-10, 1, 7.45058e-09, 1.86265e-09, 7.45058e-09, 1, 0, 0, 0)
material_override = ExtResource("3_wigwt")

[node name="Reactor Casing" parent="Armature/Skeleton3D" index="41"]
transform = Transform3D(0.999576, 1.23e-05, -0.0291133, 1.22804e-05, 1, 0.000844122, 0.0291133, -0.000844122, 0.999576, -0.0410303, 2.4427, 1.58114)

[node name="Reactor Casing" parent="Armature/Skeleton3D/Reactor Casing" index="0"]
surface_material_override/0 = ExtResource("3_wigwt")
surface_material_override/1 = SubResource("StandardMaterial3D_yg4ii")

[node name="Reactor" parent="Armature/Skeleton3D" index="42"]
transform = Transform3D(0.999576, 1.23e-05, -0.0291133, 1.22804e-05, 1, 0.000844122, 0.0291133, -0.000844122, 0.999576, -0.0428473, 2.46961, 1.64352)

[node name="Finger End 1_001" parent="Armature/Skeleton3D" index="43"]
transform = Transform3D(0.999996, 0.00278005, -0.00141238, -0.00278077, 0.999997, -0.000572788, 0.00141078, 0.000576718, 0.999999, 4.1359, -1.52574, -0.0326645)

[node name="Finger End 1_001" parent="Armature/Skeleton3D/Finger End 1_001" index="0"]
material_override = ExtResource("3_wigwt")

[node name="Finger Middle 1_001" parent="Armature/Skeleton3D" index="44"]
transform = Transform3D(0.999995, 0.00278047, -0.00141237, -0.00278118, 0.999995, -0.000572798, 0.00141076, 0.000576727, 0.999999, 3.96934, -1.31577, -0.0327791)

[node name="Finger Middle 1_001" parent="Armature/Skeleton3D/Finger Middle 1_001" index="0"]
material_override = ExtResource("3_wigwt")

[node name="Finger Base 1_001" parent="Armature/Skeleton3D" index="45"]
transform = Transform3D(0.999995, 0.00277895, -0.00141238, -0.00277963, 0.999995, -0.000572756, 0.00141078, 0.000576683, 0.999999, 3.79648, -1.09831, -0.0331717)

[node name="Finger Base 1_001" parent="Armature/Skeleton3D/Finger Base 1_001" index="0"]
material_override = ExtResource("3_wigwt")

[node name="Finger End 2_001" parent="Armature/Skeleton3D" index="46"]
transform = Transform3D(0.999995, 0.00277927, -0.0014124, -0.00278011, 0.999996, -0.000572804, 0.00141079, 0.000576732, 0.999999, 3.86806, -1.69888, -0.033142)

[node name="Finger End 2_001" parent="Armature/Skeleton3D/Finger End 2_001" index="0"]
material_override = ExtResource("3_wigwt")

[node name="Finger Middle 2_001" parent="Armature/Skeleton3D" index="47"]
transform = Transform3D(0.999995, 0.00277963, -0.00141238, -0.0027805, 0.999996, -0.000572815, 0.00141077, 0.000576743, 0.999999, 3.73892, -1.46404, -0.0331897)

[node name="Finger Middle 2_001" parent="Armature/Skeleton3D/Finger Middle 2_001" index="0"]
transform = Transform3D(1, 0, 2.98023e-08, 0, 1, 2.23517e-08, -4.47035e-08, -1.49012e-08, 1, 0, 0, 0)
material_override = ExtResource("3_wigwt")

[node name="Finger Base 2_001" parent="Armature/Skeleton3D" index="48"]
transform = Transform3D(0.999995, 0.00278076, -0.00141232, -0.00278151, 0.999995, -0.000572756, 0.00141071, 0.000576686, 0.999999, 3.60929, -1.22908, -0.0341985)

[node name="Finger Base 2_001" parent="Armature/Skeleton3D/Finger Base 2_001" index="0"]
material_override = ExtResource("3_wigwt")

[node name="Finger End 3_001" parent="Armature/Skeleton3D" index="49"]
transform = Transform3D(0.999978, 0.00654351, -0.000137613, -0.00654358, 0.999977, -0.0010995, 0.000130409, 0.00110038, 0.999999, 3.57433, -1.81343, -0.0333237)

[node name="Finger End 3_001" parent="Armature/Skeleton3D/Finger End 3_001" index="0"]
material_override = ExtResource("3_wigwt")

[node name="Finger Middle 3_001" parent="Armature/Skeleton3D" index="50"]
transform = Transform3D(0.99998, 0.00654527, -0.00013761, -0.00654522, 0.999978, -0.0010995, 0.000130404, 0.00110038, 0.999999, 3.4925, -1.55821, -0.0333207)

[node name="Finger Middle 3_001" parent="Armature/Skeleton3D/Finger Middle 3_001" index="0"]
material_override = ExtResource("3_wigwt")

[node name="Finger Base 3_001" parent="Armature/Skeleton3D" index="51"]
transform = Transform3D(0.999978, 0.0065453, -0.000137654, -0.00654531, 0.999977, -0.0010995, 0.000130448, 0.00110039, 0.999999, 3.40087, -1.27631, -0.0340925)

[node name="Finger Base 3_001" parent="Armature/Skeleton3D/Finger Base 3_001" index="0"]
material_override = ExtResource("3_wigwt")

[node name="Finger End 4_001" parent="Armature/Skeleton3D" index="52"]
transform = Transform3D(0.999978, 0.00654316, -0.00013759, -0.00654316, 0.999978, -0.0010995, 0.000130386, 0.00110038, 0.999999, 3.03928, -1.51168, -0.0333797)

[node name="Finger End 4_001" parent="Armature/Skeleton3D/Finger End 4_001" index="0"]
material_override = ExtResource("3_wigwt")

[node name="Finger Base 4_001" parent="Armature/Skeleton3D" index="53"]
transform = Transform3D(0.999978, 0.00654402, -0.00013758, -0.00654402, 0.999977, -0.00109952, 0.000130375, 0.0011004, 0.999999, 3.18567, -1.18489, -0.0373406)

[node name="Finger Base 4_001" parent="Armature/Skeleton3D/Finger Base 4_001" index="0"]
material_override = ExtResource("3_wigwt")

[node name="Left Hand_001" parent="Armature/Skeleton3D" index="54"]
transform = Transform3D(1, 1.2219e-06, -5.25602e-08, -1.07288e-06, 1, -5.92678e-08, 4.56889e-08, 6.31524e-08, 1, 3.55168, -1.33455, 0.00463586)

[node name="Left Hand_001" parent="Armature/Skeleton3D/Left Hand_001" index="0"]
material_override = ExtResource("2_4rq6j")

[node name="Left Wrist Guard" parent="Armature/Skeleton3D" index="55"]
transform = Transform3D(1, 1.2219e-06, -5.25602e-08, -1.07288e-06, 1, -5.92678e-08, 4.56889e-08, 6.31524e-08, 1, 3.25001, -0.409153, 0.0388637)

[node name="Left Wrist Guard" parent="Armature/Skeleton3D/Left Wrist Guard" index="0"]
material_override = ExtResource("3_wigwt")

[node name="Left Arm_011" parent="Armature/Skeleton3D" index="56"]
transform = Transform3D(1, 1.63913e-06, -5.83484e-08, -1.46031e-06, 1, -4.58114e-08, 5.14772e-08, 4.96961e-08, 1, 2.88623, 0.412286, -0.0164892)

[node name="Left Arm_011" parent="Armature/Skeleton3D/Left Arm_011" index="0"]
transform = Transform3D(1, 0, 0, 0, 1, 1.49012e-08, 7.45058e-09, 1.49012e-08, 1, 0, 0, 0)
material_override = ExtResource("3_wigwt")

[node name="Left Arm_010" parent="Armature/Skeleton3D" index="57"]
transform = Transform3D(1, 1.66893e-06, -7.19987e-08, -1.49012e-06, 1, -4.70552e-08, 6.51273e-08, 5.09398e-08, 1, 2.81514, 0.592847, -0.0164892)

[node name="Left Arm_010" parent="Armature/Skeleton3D/Left Arm_010" index="0"]
material_override = ExtResource("3_wigwt")

[node name="Left Arm_009" parent="Armature/Skeleton3D" index="58"]
transform = Transform3D(1, 1.63913e-06, -6.31007e-08, -1.51992e-06, 1, -5.30588e-08, 5.62294e-08, 5.69435e-08, 1, 2.74406, 0.773408, -0.0164894)

[node name="Left Arm_009" parent="Armature/Skeleton3D/Left Arm_009" index="0"]
material_override = ExtResource("3_wigwt")

[node name="Left Arm_008" parent="Armature/Skeleton3D" index="59"]
transform = Transform3D(1, 1.40071e-06, -4.30216e-08, -1.2815e-06, 1, -4.04291e-08, 3.61501e-08, 4.43137e-08, 1, 2.67298, 0.953969, -0.0164894)

[node name="Left Arm_008" parent="Armature/Skeleton3D/Left Arm_008" index="0"]
material_override = ExtResource("3_wigwt")

[node name="Left Arm_007" parent="Armature/Skeleton3D" index="60"]
transform = Transform3D(0.990512, 0.106412, -0.086962, -0.106413, 0.994311, 0.00464232, 0.0869613, 0.00465561, 0.996201, 2.61142, 1.13771, -0.0190917)

[node name="Left Arm_007" parent="Armature/Skeleton3D/Left Arm_007" index="0"]
material_override = ExtResource("3_wigwt")

[node name="Left Arm_006" parent="Armature/Skeleton3D" index="61"]
transform = Transform3D(0.995329, -0.0960814, 0.00938777, 0.0962792, 0.995076, -0.0235369, -0.00708009, 0.0243308, 0.999679, 2.54516, 1.30864, -0.0193406)

[node name="Left Arm_006" parent="Armature/Skeleton3D/Left Arm_006" index="0"]
material_override = ExtResource("3_wigwt")

[node name="Left Arm_005" parent="Armature/Skeleton3D" index="62"]
transform = Transform3D(1, 1.57952e-06, -3.00375e-08, -1.51992e-06, 1, -5.5977e-08, 2.57162e-08, 5.36642e-08, 1, 2.45973, 1.49565, -0.0164893)

[node name="Left Arm_005" parent="Armature/Skeleton3D/Left Arm_005" index="0"]
material_override = ExtResource("3_wigwt")

[node name="Left Arm_004" parent="Armature/Skeleton3D" index="63"]
transform = Transform3D(1, 7.7486e-07, -1.94579e-08, -7.15256e-07, 1, -6.05554e-08, 1.51366e-08, 5.82427e-08, 1, 2.38864, 1.67621, -0.0164893)

[node name="Left Arm_004" parent="Armature/Skeleton3D/Left Arm_004" index="0"]
material_override = ExtResource("3_wigwt")

[node name="Left Arm_003" parent="Armature/Skeleton3D" index="64"]
transform = Transform3D(1, 1.57952e-06, -2.52261e-08, -1.51992e-06, 1, -6.08409e-08, 2.09046e-08, 5.85281e-08, 1, 2.31756, 1.85677, -0.0164893)

[node name="Left Arm_003" parent="Armature/Skeleton3D/Left Arm_003" index="0"]
material_override = ExtResource("3_wigwt")

[node name="Left Arm_002" parent="Armature/Skeleton3D" index="65"]
transform = Transform3D(1, 1.37091e-06, -2.26962e-08, -1.3113e-06, 1, -4.66489e-08, 1.8375e-08, 4.43363e-08, 1, 2.24647, 2.03733, -0.0164895)

[node name="Left Arm_002" parent="Armature/Skeleton3D/Left Arm_002" index="0"]
material_override = ExtResource("3_wigwt")

[node name="Left Arm_001" parent="Armature/Skeleton3D" index="66"]
transform = Transform3D(1, -1.19209e-07, -2.56574e-08, 1.78814e-07, 1, -6.01081e-08, 2.13364e-08, 5.77955e-08, 1, 2.17539, 2.21789, -0.0164896)

[node name="Left Arm_001" parent="Armature/Skeleton3D/Left Arm_001" index="0"]
material_override = ExtResource("3_wigwt")

[node name="Left Arm" parent="Armature/Skeleton3D" index="67"]
transform = Transform3D(1, 1.3113e-06, -1.98894e-07, -1.2517e-06, 1, -1.30958e-07, 1.94573e-07, 1.28646e-07, 1, 2.10431, 2.39846, -0.0164891)

[node name="Left Arm" parent="Armature/Skeleton3D/Left Arm" index="0"]
material_override = ExtResource("3_wigwt")

[node name="Left Shoulder" parent="Armature/Skeleton3D" index="68"]
transform = Transform3D(1, -5.71739e-07, 9.31323e-10, 6.80076e-07, 1, 5.82077e-10, -1.86265e-09, -8.14907e-10, 1, 0.00468397, 2.3673, 0.0116158)

[node name="Left Shoulder" parent="Armature/Skeleton3D/Left Shoulder" index="0"]
material_override = ExtResource("3_wigwt")

[node name="Finger End 1" parent="Armature/Skeleton3D" index="69"]
transform = Transform3D(0.999991, -0.00376654, -0.00127821, 0.00376713, 0.999992, 0.000518329, 0.00127623, -0.000523145, 0.999999, -4.12237, -1.52785, 0.00180239)

[node name="Finger End 1" parent="Armature/Skeleton3D/Finger End 1" index="0"]
material_override = ExtResource("3_wigwt")

[node name="Finger Middle 1" parent="Armature/Skeleton3D" index="70"]
transform = Transform3D(0.999991, -0.00376627, -0.00127818, 0.00376683, 0.999992, 0.000518377, 0.0012762, -0.000523192, 0.999999, -3.95602, -1.31771, 0.00190599)

