[gd_scene load_steps=44 format=3 uid="uid://bd2s4wf2tu7sm"]

[ext_resource type="Script" path="res://Scenes/Models/Player/Player.gd" id="1_dvppb"]
[ext_resource type="Resource" uid="uid://c08l7gnjmjaqu" path="res://Scenes/Models/Player/MovementStates/run.tres" id="2_mml65"]
[ext_resource type="Resource" uid="uid://difpuuckqhvsv" path="res://Scenes/Models/Player/MovementStates/stand.tres" id="3_moa87"]
[ext_resource type="Resource" uid="uid://brvevs4yorhgf" path="res://Scenes/Models/Player/MovementStates/walk.tres" id="4_vttyl"]
[ext_resource type="Resource" uid="uid://bl52gdpkd3csn" path="res://Scenes/Models/Player/JumpStates/jump.tres" id="5_qm2u8"]
[ext_resource type="Resource" uid="uid://dnvfiisdtrht" path="res://Scenes/Models/Player/GlideStates/glide.tres" id="6_mtxa7"]
[ext_resource type="Script" path="res://Scenes/Models/Player/audio_controller.gd" id="7_7iij5"]
[ext_resource type="Script" path="res://Scenes/Models/Player/movement_controller.gd" id="8_j5sic"]
[ext_resource type="Script" path="res://Scenes/Models/Player/animation_controller.gd" id="9_eodew"]
[ext_resource type="PackedScene" uid="uid://bhdvfievnjoad" path="res://Scenes/Models/Player/Player.tscn" id="10_5kxhf"]
[ext_resource type="PackedScene" uid="uid://enjqiqwhpu7" path="res://Scenes/Models/Player/Glider.tscn" id="11_inerc"]
[ext_resource type="Script" path="res://Scenes/Models/Player/Glider.gd" id="12_sntr0"]
[ext_resource type="Script" path="res://Scenes/Models/Player/camera_controller.gd" id="13_j0ncc"]
[ext_resource type="Script" path="res://Scenes/Models/Player/SpringArm3D.gd" id="14_jlokr"]
[ext_resource type="Texture2D" uid="uid://dt0nnojl3rji0" path="res://Assets/Character/Textures/Damage Overlay.png" id="15_4lvj7"]
[ext_resource type="AudioStream" uid="uid://pt0u3r8i0vdg" path="res://Assets/Sound/Effects/damage.wav" id="16_0wh5x"]
[ext_resource type="Shader" path="res://Scenes/Models/Player/SpeedOverlay.gdshader" id="16_1v2vt"]
[ext_resource type="Script" path="res://Scenes/Models/Player/HealthBar.gd" id="17_ic8d8"]
[ext_resource type="AudioStream" uid="uid://0mnwvfvadsp4" path="res://Assets/Sound/Music/Song 1.wav" id="17_vstat"]
[ext_resource type="PackedScene" uid="uid://bdngkrkcavhrj" path="res://Scenes/Screens/death_screen.tscn" id="18_pn5pv"]
[ext_resource type="Script" path="res://Scenes/Models/Player/stamina_meter.gd" id="21_0ngw6"]

[sub_resource type="CapsuleShape3D" id="CapsuleShape3D_ny02q"]

[sub_resource type="AnimationNodeAnimation" id="AnimationNodeAnimation_uhh3q"]
animation = &"Falling"

[sub_resource type="AnimationNodeAnimation" id="AnimationNodeAnimation_4lju0"]
animation = &"Glide"

[sub_resource type="AnimationNodeAnimation" id="AnimationNodeAnimation_6t4by"]
animation = &"Jump"

[sub_resource type="AnimationNodeBlend2" id="AnimationNodeBlend2_p55mh"]

[sub_resource type="AnimationNodeOneShot" id="AnimationNodeOneShot_rmhht"]

[sub_resource type="AnimationNodeTimeScale" id="AnimationNodeTimeScale_qoddc"]

[sub_resource type="AnimationNodeAnimation" id="AnimationNodeAnimation_sivxs"]
animation = &"Idle"

[sub_resource type="AnimationNodeAnimation" id="AnimationNodeAnimation_wbm5n"]
animation = &"Walk"

[sub_resource type="AnimationNodeAnimation" id="AnimationNodeAnimation_ci5d5"]
animation = &"Running"

[sub_resource type="AnimationNodeBlendSpace1D" id="AnimationNodeBlendSpace1D_h2nin"]
blend_point_0/node = SubResource("AnimationNodeAnimation_sivxs")
blend_point_0/pos = 0.0
blend_point_1/node = SubResource("AnimationNodeAnimation_wbm5n")
blend_point_1/pos = 1.0
blend_point_2/node = SubResource("AnimationNodeAnimation_ci5d5")
blend_point_2/pos = 2.0
min_space = 0.0
max_space = 3.0
snap = 1.0

[sub_resource type="AnimationNodeBlend2" id="AnimationNodeBlend2_gxhi5"]

[sub_resource type="AnimationNodeBlendTree" id="AnimationNodeBlendTree_0fiv8"]
graph_offset = Vector2(39.6885, 312.508)
nodes/Animation/node = SubResource("AnimationNodeAnimation_6t4by")
nodes/Animation/position = Vector2(400, 400)
"nodes/Animation 2/node" = SubResource("AnimationNodeAnimation_uhh3q")
"nodes/Animation 2/position" = Vector2(120, 620)
"nodes/Animation 3/node" = SubResource("AnimationNodeAnimation_4lju0")
"nodes/Animation 3/position" = Vector2(140, 740)
nodes/is_gliding/node = SubResource("AnimationNodeBlend2_p55mh")
nodes/is_gliding/position = Vector2(660, 580)
nodes/jump/node = SubResource("AnimationNodeOneShot_rmhht")
nodes/jump/position = Vector2(1200, 520)
nodes/movement_anim_speed/node = SubResource("AnimationNodeTimeScale_qoddc")
nodes/movement_anim_speed/position = Vector2(660, 1000)
nodes/movement_blend/node = SubResource("AnimationNodeBlendSpace1D_h2nin")
nodes/movement_blend/position = Vector2(400, 1040)
nodes/on_floor_blend/node = SubResource("AnimationNodeBlend2_gxhi5")
nodes/on_floor_blend/position = Vector2(1580, 720)
nodes/output/position = Vector2(1860, 660)
node_connections = [&"is_gliding", 0, &"Animation 2", &"is_gliding", 1, &"Animation 3", &"jump", 0, &"movement_anim_speed", &"jump", 1, &"Animation", &"movement_anim_speed", 0, &"movement_blend", &"on_floor_blend", 0, &"is_gliding", &"on_floor_blend", 1, &"jump", &"output", 0, &"on_floor_blend"]

[sub_resource type="SphereShape3D" id="SphereShape3D_fbxo0"]
radius = 0.07

[sub_resource type="FastNoiseLite" id="FastNoiseLite_aw0s0"]

[sub_resource type="NoiseTexture2D" id="NoiseTexture2D_ow4ag"]
width = 1024
height = 1024
noise = SubResource("FastNoiseLite_aw0s0")

[sub_resource type="ShaderMaterial" id="ShaderMaterial_5ddcd"]
shader = ExtResource("16_1v2vt")
shader_parameter/line_color = Color(0.509286, 0.509286, 0.509286, 1)
shader_parameter/line_count = 2.0
shader_parameter/line_density = 0.135
shader_parameter/line_falloff = 0.827
shader_parameter/mask_size = 0.299
shader_parameter/mask_edge = 0.367
shader_parameter/animation_speed = 3.74
shader_parameter/noise = SubResource("NoiseTexture2D_ow4ag")

[sub_resource type="FontVariation" id="FontVariation_364hi"]
variation_embolden = 1.06

[sub_resource type="StyleBoxEmpty" id="StyleBoxEmpty_ai30p"]

[sub_resource type="StyleBoxFlat" id="StyleBoxFlat_dxccx"]
bg_color = Color(0.452292, 0.663102, 0.44814, 1)

[sub_resource type="StyleBoxFlat" id="StyleBoxFlat_5ofko"]
bg_color = Color(0.262932, 0.262932, 0.262932, 1)
expand_margin_left = 5.0
expand_margin_top = 5.0
expand_margin_right = 5.0
expand_margin_bottom = 5.0
shadow_color = Color(0, 0, 0, 0.27451)
shadow_offset = Vector2(0, 1)

[sub_resource type="StyleBoxFlat" id="StyleBoxFlat_q6b0o"]
bg_color = Color(0.811075, 0.856637, 0.833661, 1)

[node name="Player" type="CharacterBody3D" groups=["player"]]
transform = Transform3D(1, 0, 0, 0, 1, 0, 0, 0, 1, 0, 1, 0)
script = ExtResource("1_dvppb")
movement_states = {
"run": ExtResource("2_mml65"),
"stand": ExtResource("3_moa87"),
"walk": ExtResource("4_vttyl")
}
jump_states = {
"jump": ExtResource("5_qm2u8")
}
glide_states = {
"glide": ExtResource("6_mtxa7")
}

[node name="AudioController" type="Node" parent="." node_paths=PackedStringArray("fall_damage_player", "main_song", "sound_effects", "player")]
script = ExtResource("7_7iij5")
fall_damage_player = NodePath("../FallDamage")
main_song = NodePath("../Main Song")
sound_effects = NodePath("../SoundEffects")
player = NodePath("..")

[node name="MovementController" type="Node" parent="." node_paths=PackedStringArray("player", "mesh_root", "hurt_overlay", "speed_overlay", "health_bar", "death_screen", "skeleton")]
script = ExtResource("8_j5sic")
player = NodePath("..")
mesh_root = NodePath("../MeshRoot")
hurt_overlay = NodePath("../HurtOverlay")
speed_overlay = NodePath("../SpeedOverlay")
health_bar = NodePath("../HealthBar")
death_screen = NodePath("../GameOverScreen")
skeleton = NodePath("../MeshRoot/Robot/Armature/Skeleton3D")
glide_states = {
"glide": ExtResource("6_mtxa7")
}

[node name="AnimationController" type="Node" parent="." node_paths=PackedStringArray("animation_tree", "player")]
script = ExtResource("9_eodew")
animation_tree = NodePath("../MeshRoot/AnimationTree")
player = NodePath("..")

[node name="CollisionShape3D" type="CollisionShape3D" parent="."]
shape = SubResource("CapsuleShape3D_ny02q")

[node name="MeshRoot" type="Node3D" parent="."]

[node name="Robot" parent="MeshRoot" instance=ExtResource("10_5kxhf")]
transform = Transform3D(1, 0, 0, 0, 1, 0, 0, 0, 1, 0, -1.02912, 0)

[node name="Skeleton3D" parent="MeshRoot/Robot/Armature" index="0"]
bones/1/position = Vector3(2.455, 8.48147, 3.16529)
bones/3/position = Vector3(-2.46437, 8.48147, 3.16529)
bones/5/position = Vector3(0, 5.70156, 0)
bones/5/rotation = Quaternion(0.0703003, 0, 0, 0.997526)
bones/7/rotation = Quaternion(-0.446105, 0.0912664, 0.0593172, 0.888337)
bones/8/rotation = Quaternion(8.28232e-08, 1.1961e-07, -0.0865185, 0.99625)
bones/9/rotation = Quaternion(3.26887e-08, -2.36823e-07, -0.0645669, 0.997913)
bones/10/rotation = Quaternion(1.96456e-08, 2.38919e-07, -0.0388268, 0.999246)
bones/11/rotation = Quaternion(-1.17175e-05, -0.0019178, -0.0061122, 0.999979)
bones/12/rotation = Quaternion(5.72199e-05, 0.00191686, 0.0298437, 0.999553)
bones/13/rotation = Quaternion(-3.99535e-08, 1.19389e-07, 0.066742, 0.99777)
bones/14/rotation = Quaternion(-1.07456e-07, 3.5631e-07, 0.100547, 0.994932)
bones/15/rotation = Quaternion(0.00114169, -0.00905614, 0.125092, 0.992103)
bones/16/rotation = Quaternion(0.00194805, 0.00891703, 0.213432, 0.976915)
bones/31/position = Vector3(-1.19414, 3.03224, -2.25781)
bones/32/position = Vector3(0.0409813, -0.261409, -5.76169e-05)
bones/32/rotation = Quaternion(0.000113419, 0.000698987, 0.160203, 0.987084)
bones/42/position = Vector3(-2.74569, 2.26171, -1.62376)
bones/43/position = Vector3(-0.0409653, -0.261383, -5.77883e-05)
bones/43/rotation = Quaternion(-0.000157933, -0.000690231, 0.223101, 0.974795)
bones/52/rotation = Quaternion(-0.381317, 0.252097, 0.518031, 0.722972)
bones/53/rotation = Quaternion(3.89435e-08, -1.04314e-07, 0.100605, 0.994927)
bones/54/rotation = Quaternion(4.13177e-08, 2.38103e-07, 0.0752134, 0.997168)
bones/55/rotation = Quaternion(2.32759e-08, -2.39198e-07, 0.0453478, 0.998971)
bones/56/rotation = Quaternion(-1.3819e-05, 0.00191779, 0.00720692, 0.999972)
bones/57/rotation = Quaternion(6.68286e-05, -0.00191655, -0.034859, 0.99939)
bones/58/rotation = Quaternion(-5.44486e-08, -1.18973e-07, -0.0777303, 0.996974)
bones/59/rotation = Quaternion(-1.34881e-07, -3.55038e-07, -0.116875, 0.993147)
bones/60/rotation = Quaternion(0.00132278, 0.00903146, -0.144935, 0.989399)
bones/61/rotation = Quaternion(0.00213773, -0.00887345, -0.234214, 0.972142)
bones/76/rotation = Quaternion(0.0592395, -0.000235748, 0.00724406, 0.998218)
bones/79/rotation = Quaternion(0.187013, 1.73585e-06, 7.75476e-05, 0.982357)
bones/87/rotation = Quaternion(-0.000896317, 0.00168269, -0.717235, 0.696829)
bones/88/rotation = Quaternion(-0.00494084, 7.14921e-05, 0.297733, 0.954636)
bones/89/rotation = Quaternion(0.528154, -0.424667, -0.155504, 0.7187)
bones/90/rotation = Quaternion(-0.00207246, -0.00334011, -0.00783028, 0.999962)
bones/91/rotation = Quaternion(0.00182163, 2.00848e-07, 0.00680353, 0.999975)
bones/92/rotation = Quaternion(-0.000194959, 4.84237e-06, -0.000390787, 1)
bones/93/rotation = Quaternion(-0.000286623, 4.71048e-06, -0.000444881, 1)
bones/94/rotation = Quaternion(5.61461e-05, -1.05998e-07, -0.000615754, 1)
bones/95/rotation = Quaternion(0.00155009, -2.91675e-06, -0.00580586, 0.999982)
bones/96/rotation = Quaternion(-0.00497294, 0.000658843, 0.0190801, 0.999805)
bones/97/rotation = Quaternion(0.00869774, 0.0397979, -0.0283107, 0.998769)
bones/98/rotation = Quaternion(-0.00666238, -0.04047, 0.0217891, 0.998921)
bones/99/rotation = Quaternion(0.00171292, -3.04611e-07, -0.00655342, 0.999977)
bones/100/rotation = Quaternion(0.000179275, -2.51457e-08, -0.000698349, 1)
bones/102/rotation = Quaternion(-6.28291e-09, -7.81915e-08, 0.00604859, 0.999982)
bones/105/rotation = Quaternion(-6.62427e-10, 1.44506e-07, 0.00087978, 1)
bones/109/rotation = Quaternion(-8.77514e-08, 3.3197e-07, 0.0640607, 0.997946)
bones/110/rotation = Quaternion(1.39102e-08, -8.02659e-08, -0.00846498, 0.999964)
bones/111/rotation = Quaternion(-1.23116e-10, 1.42563e-07, 3.92348e-05, 1)
bones/115/rotation = Quaternion(5.14655e-08, 4.24464e-07, -0.0351677, 0.999381)
bones/121/rotation = Quaternion(7.624e-07, 8.13779e-07, -0.396704, 0.917946)
bones/122/rotation = Quaternion(2.39691e-09, -5.35418e-08, -0.0011728, 0.999999)
bones/140/rotation = Quaternion(-0.00108472, -0.00157224, 0.707184, 0.707027)
bones/141/rotation = Quaternion(-0.00484098, -0.000232663, -0.297911, 0.954581)
bones/142/rotation = Quaternion(0.527984, 0.424308, 0.156072, 0.718914)
bones/143/rotation = Quaternion(-0.00161217, 0.000125805, 0.00566776, 0.999983)
bones/144/rotation = Quaternion(0.00152979, -1.66975e-07, -0.0053136, 0.999985)
bones/145/rotation = Quaternion(-0.000259948, -4.92711e-06, 0.000656254, 1)
bones/146/rotation = Quaternion(-0.00025809, -4.8241e-06, 0.000205244, 1)
bones/147/rotation = Quaternion(9.99786e-06, 2.00035e-07, 0.000196448, 1)
bones/148/rotation = Quaternion(0.00144456, 3.05097e-06, 0.00603126, 0.999981)
bones/149/rotation = Quaternion(-0.0042737, -0.00641461, -0.0179905, 0.999808)
bones/150/rotation = Quaternion(0.00728551, -0.0268001, 0.0264981, 0.999263)
bones/151/rotation = Quaternion(-0.00563094, 0.0332222, -0.0210139, 0.999211)
bones/152/rotation = Quaternion(0.00160057, 3.19791e-07, 0.00690656, 0.999975)
bones/153/rotation = Quaternion(7.9737e-05, 2.70083e-08, 0.000355281, 1)
bones/155/rotation = Quaternion(-6.09949e-09, 7.80795e-08, -0.0060486, 0.999982)
bones/156/rotation = Quaternion(-1.56508e-07, -1.89241e-07, -0.133093, 0.991104)
bones/157/rotation = Quaternion(-1.45058e-08, -2.28915e-08, -0.00825755, 0.999966)
bones/158/rotation = Quaternion(-6.41562e-10, -1.4453e-07, -0.00087978, 1)
bones/162/rotation = Quaternion(-8.27381e-08, -3.3349e-07, -0.0640607, 0.997946)
bones/168/rotation = Quaternion(4.92962e-08, -4.23882e-07, 0.0351676, 0.999381)
bones/169/rotation = Quaternion(1.06161e-08, -8.55839e-08, 0.00496715, 0.999988)
bones/170/rotation = Quaternion(1.42861e-08, -3.03825e-08, 0.00712437, 0.999975)
bones/174/rotation = Quaternion(7.5165e-07, -8.11006e-07, 0.396704, 0.917946)
bones/175/rotation = Quaternion(1.22299e-10, 5.35334e-08, 0.00117277, 0.999999)

[node name="Lower Left Leg" parent="MeshRoot/Robot/Armature/Skeleton3D" index="0"]
transform = Transform3D(0.998281, -0.0229219, -0.0539472, -0.0298915, 0.592611, -0.804934, 0.0504202, 0.805162, 0.590907, 0.922015, -2.91981, -1.17074)

[node name="Left Leg Joint Cutouts" parent="MeshRoot/Robot/Armature/Skeleton3D" index="1"]
transform = Transform3D(0.998281, -0.0229219, -0.0539472, -0.0298915, 0.592611, -0.804934, 0.0504202, 0.805162, 0.590907, 0.904636, -2.39078, -0.564755)

[node name="Lower Left Leg Joint" parent="MeshRoot/Robot/Armature/Skeleton3D" index="2"]
transform = Transform3D(0.998281, -0.0229219, -0.0539472, -0.0298915, 0.592611, -0.804934, 0.0504202, 0.805162, 0.590907, 0.912914, -2.29764, -0.445094)

[node name="Lower Left Leg Joint" parent="MeshRoot/Robot/Armature/Skeleton3D/Lower Left Leg Joint" index="0"]
transform = Transform3D(1, -3.72529e-09, -3.72529e-09, -1.86265e-09, 1, -2.98023e-08, 0, -2.98023e-08, 1, 0, 0, 0)

[node name="Lower Left Leg Light" parent="MeshRoot/Robot/Armature/Skeleton3D" index="3"]
transform = Transform3D(0.998281, -0.0229219, -0.0539472, -0.0298915, 0.592611, -0.804934, 0.0504202, 0.805162, 0.590907, 1.21476, -2.67601, -1.14568)

[node name="Limb Segment_018" parent="MeshRoot/Robot/Armature/Skeleton3D" index="4"]
transform = Transform3D(0.998091, -0.0195431, 0.0585923, -0.0455454, -0.873634, 0.484448, 0.0417205, -0.486192, -0.872856, 0.92204, -1.40226, 0.127478)

[node name="Limb Segment_017" parent="MeshRoot/Robot/Armature/Skeleton3D" index="5"]
transform = Transform3D(0.998285, -0.0158822, 0.0563442, -0.0296254, -0.967207, 0.252256, 0.0504899, -0.253493, -0.966019, 0.919437, -1.33665, -0.0381718)

[node name="Limb Segment_016" parent="MeshRoot/Robot/Armature/Skeleton3D" index="6"]
transform = Transform3D(0.996856, -0.0598032, 0.0519716, -0.0625843, -0.996597, 0.0536431, 0.0485866, -0.056727, -0.997207, 0.941012, -1.32272, -0.134993)

[node name="Limb Segment_015" parent="MeshRoot/Robot/Armature/Skeleton3D" index="7"]
transform = Transform3D(0.998178, -0.0367004, 0.0479, -0.0328024, -0.996273, -0.0797699, 0.0506489, 0.0780533, -0.995662, 0.934999, -1.32379, -0.169975)

[node name="Limb Segment_014" parent="MeshRoot/Robot/Armature/Skeleton3D" index="8"]
transform = Transform3D(0.997901, -0.0457935, 0.0457986, -0.0390259, -0.989513, -0.139072, 0.0516867, 0.136992, -0.989223, 0.935327, -1.32459, -0.172177)

[node name="Limb Segment_013" parent="MeshRoot/Robot/Armature/Skeleton3D" index="9"]
transform = Transform3D(0.997607, -0.0514034, 0.0462423, -0.0451717, -0.990879, -0.126961, 0.0523466, 0.124569, -0.990829, 0.934376, -1.32535, -0.174165)

[node name="Limb Segment_012" parent="MeshRoot/Robot/Armature/Skeleton3D" index="10"]
transform = Transform3D(0.997672, -0.0171395, 0.0660143, -0.0138378, -0.998646, -0.0501518, 0.0667843, 0.0491216, -0.996558, 0.946444, -1.32821, -0.20052)

[node name="Limb Segment_011" parent="MeshRoot/Robot/Armature/Skeleton3D" index="11"]
transform = Transform3D(0.998531, -0.0412739, 0.0351264, -0.0439739, -0.99583, 0.0799276, 0.0316808, -0.0813547, -0.996182, 0.934097, -1.32706, -0.267404)

[node name="Limb Segment_003" parent="MeshRoot/Robot/Armature/Skeleton3D" index="12"]
transform = Transform3D(0.996985, -0.0104126, 0.0768917, -0.0293384, -0.967976, 0.249323, 0.071833, -0.250827, -0.965363, 0.954637, -1.30867, -0.379704)

[node name="Left Foot" parent="MeshRoot/Robot/Armature/Skeleton3D" index="13"]
transform = Transform3D(0.999982, -1.57114e-06, 0.00605715, 0.00176242, 0.956804, -0.290729, -0.00579531, 0.290735, 0.956786, 0.925029, -3.80742, -1.30953)

[node name="Foot_005" parent="MeshRoot/Robot/Armature/Skeleton3D" index="14"]
transform = Transform3D(0.999982, -1.57114e-06, 0.00605715, 0.00176242, 0.956804, -0.290729, -0.00579531, 0.290735, 0.956786, 0.940109, -3.16805, -1.41498)

[node name="Foot_006" parent="MeshRoot/Robot/Armature/Skeleton3D" index="15"]
transform = Transform3D(0.999982, -1.57114e-06, 0.00605715, 0.00176242, 0.956804, -0.290729, -0.00579531, 0.290735, 0.956786, 0.943911, -4.24499, -1.08654)

[node name="Foot_007" parent="MeshRoot/Robot/Armature/Skeleton3D" index="16"]
transform = Transform3D(0.999982, -1.57114e-06, 0.00605715, 0.00176242, 0.956804, -0.290729, -0.00579531, 0.290735, 0.956786, 0.936816, -3.90444, -2.20729)

[node name="Left Foot Joint" parent="MeshRoot/Robot/Armature/Skeleton3D" index="17"]
transform = Transform3D(0.999982, -1.57114e-06, 0.00605715, 0.00176242, 0.956804, -0.290729, -0.00579531, 0.290735, 0.956786, 1.36246, -3.44119, -1.48596)

[node name="Right Foot" parent="MeshRoot/Robot/Armature/Skeleton3D" index="18"]
transform = Transform3D(0.999962, 3.62052e-07, -0.00872141, 0.00400236, 0.888474, 0.45891, 0.00774903, -0.458928, 0.88844, -0.916612, -2.60119, 2.8835)

[node name="Foot" parent="MeshRoot/Robot/Armature/Skeleton3D" index="19"]
transform = Transform3D(0.999962, 3.62052e-07, -0.00872141, 0.00400236, 0.888474, 0.45891, 0.00774903, -0.458928, 0.88844, -0.93093, -2.21653, 2.36199)

[node name="Foot_001" parent="MeshRoot/Robot/Armature/Skeleton3D" index="20"]
transform = Transform3D(0.999962, 3.62052e-07, -0.00872141, 0.00400236, 0.888474, 0.45891, 0.00774903, -0.458928, 0.88844, -0.936401, -2.75929, 3.34844)

[node name="Foot_002" parent="MeshRoot/Robot/Armature/Skeleton3D" index="21"]
transform = Transform3D(0.999962, 3.62052e-07, -0.00872141, 0.00400236, 0.888474, 0.45891, 0.00774903, -0.458928, 0.88844, -0.926185, -3.29684, 2.30775)

[node name="Right Foot Joint" parent="MeshRoot/Robot/Armature/Skeleton3D" index="22"]
transform = Transform3D(0.999962, 3.62052e-07, -0.00872141, 0.00400236, 0.888474, 0.45891, 0.00774903, -0.458928, 0.88844, -1.35331, -2.4623, 2.50061)

[node name="Lower Right Leg" parent="MeshRoot/Robot/Armature/Skeleton3D" index="23"]
transform = Transform3D(0.999118, -0.0183439, -0.0377877, 0.0314832, 0.92256, 0.384566, 0.0278071, -0.385417, 0.922324, -0.950601, -1.87907, 1.93836)

[node name="Lower Right Leg Joint" parent="MeshRoot/Robot/Armature/Skeleton3D" index="24"]
transform = Transform3D(0.999118, -0.0183439, -0.0377877, 0.0314832, 0.92256, 0.384566, 0.0278071, -0.385417, 0.922324, -0.974278, -1.0275, 1.50477)

[node name="Lower Right Leg Light" parent="MeshRoot/Robot/Armature/Skeleton3D" index="25"]
transform = Transform3D(0.999118, -0.0183439, -0.0377877, 0.0314832, 0.92256, 0.384566, 0.0278071, -0.385417, 0.922324, -1.23201, -1.81822, 1.68761)

[node name="Right Leg Joint Cutouts" parent="MeshRoot/Robot/Armature/Skeleton3D" index="26"]
transform = Transform3D(0.999118, -0.0183439, -0.0377877, 0.0314832, 0.92256, 0.384566, 0.0278071, -0.385417, 0.922324, -0.960178, -1.16496, 1.56777)

[node name="Limb Segment_010" parent="MeshRoot/Robot/Armature/Skeleton3D" index="27"]
transform = Transform3D(-0.998973, 0.0170152, -0.041995, -0.0430503, -0.64553, 0.762521, -0.0141346, 0.763546, 0.645599, -0.987664, -0.287901, 0.743958)

[node name="Limb Segment_009" parent="MeshRoot/Robot/Armature/Skeleton3D" index="28"]
transform = Transform3D(-0.999114, -0.0131617, -0.0399796, -0.0313731, -0.400348, 0.915826, -0.0280596, 0.916269, 0.39958, -0.966217, -0.462534, 0.635854)

[node name="Limb Segment_008" parent="MeshRoot/Robot/Armature/Skeleton3D" index="29"]
transform = Transform3D(-0.999296, 0.0109378, -0.0358951, -0.0372594, -0.175669, 0.983744, 0.00445423, 0.984389, 0.175953, -0.978073, -0.573098, 0.602111)

[node name="Limb Segment_007" parent="MeshRoot/Robot/Armature/Skeleton3D" index="30"]
transform = Transform3D(-0.999193, -0.0241965, -0.0320807, -0.031548, -0.0220967, 0.999258, -0.0248875, 0.999463, 0.0213154, -0.968964, -0.613183, 0.599164)

[node name="Limb Segment_006" parent="MeshRoot/Robot/Armature/Skeleton3D" index="31"]
transform = Transform3D(-0.999346, -0.0200627, -0.030113, -0.0310432, 0.0477777, 0.998376, -0.0185914, 0.998657, -0.0483694, -0.969134, -0.615902, 0.599556)

[node name="Limb Segment_005" parent="MeshRoot/Robot/Armature/Skeleton3D" index="32"]
transform = Transform3D(-0.999444, -0.0134428, -0.0305318, -0.0309687, 0.0335755, 0.998956, -0.0124037, 0.999346, -0.0339733, -0.968055, -0.618226, 0.600176)

[node name="Limb Segment_004" parent="MeshRoot/Robot/Armature/Skeleton3D" index="33"]
transform = Transform3D(-0.999166, -0.0240313, -0.0330218, -0.0315957, -0.0574888, 0.997846, -0.025878, 0.998057, 0.0566813, -0.971796, -0.65023, 0.600335)

[node name="Limb Segment_001" parent="MeshRoot/Robot/Armature/Skeleton3D" index="34"]
transform = Transform3D(-0.999074, -0.0227249, -0.0365423, -0.0310687, -0.206639, 0.977924, -0.0297744, 0.978153, 0.205742, -0.971141, -0.72634, 0.590635)

[node name="Limb Segment_002" parent="MeshRoot/Robot/Armature/Skeleton3D" index="35"]
transform = Transform3D(-0.9992, 0.00174551, -0.0399489, -0.0373483, -0.397657, 0.916774, -0.0142857, 0.917533, 0.397404, -0.954888, -0.853408, 0.550819)

[node name="Head_2" parent="MeshRoot/Robot/Armature/Skeleton3D" index="36"]
transform = Transform3D(1, 3.57814e-06, 0.000387767, 0.000227293, 0.804771, -0.593585, -0.000314188, 0.593586, 0.804771, 0.00482482, 4.12447, 1.50119)

[node name="Inner Eye Lights" parent="MeshRoot/Robot/Armature/Skeleton3D" index="37"]
transform = Transform3D(1, 0.000387767, -3.57814e-06, 0.000227293, -0.593585, -0.804771, -0.000314188, 0.804771, -0.593586, 0.00501832, 3.88033, 1.93119)

[node name="Lights 2" parent="MeshRoot/Robot/Armature/Skeleton3D" index="38"]
transform = Transform3D(1, 0.000387767, -3.57814e-06, 0.000227293, -0.593585, -0.804771, -0.000314188, 0.804771, -0.593586, 0.00500974, 3.88215, 1.90581)

[node name="Right Arm_012" parent="MeshRoot/Robot/Armature/Skeleton3D" index="39"]
transform = Transform3D(1, 1.3768e-05, 0.000387533, 8.60442e-05, 0.966578, -0.25637, -0.000378111, 0.25637, 0.966579, -0.0203262, 3.46228, 0.673417)

[node name="Main Body_2" parent="MeshRoot/Robot/Armature/Skeleton3D" index="40"]
transform = Transform3D(0.999587, 2.57424e-05, -0.0287259, -0.0073659, 0.966795, -0.255448, 0.0277655, 0.255554, 0.966396, 0.00471407, 2.51341, 0.448688)

[node name="Reactor Casing" parent="MeshRoot/Robot/Armature/Skeleton3D" index="41"]
transform = Transform3D(0.999587, 2.57424e-05, -0.0287259, -0.0073659, 0.966795, -0.255448, 0.0277655, 0.255554, 0.966396, -0.040391, 2.1839, 1.98511)

[node name="Reactor" parent="MeshRoot/Robot/Armature/Skeleton3D" index="42"]
transform = Transform3D(0.999587, 2.57424e-05, -0.0287259, -0.0073659, 0.966795, -0.255448, 0.0277655, 0.255554, 0.966396, -0.0421835, 2.19392, 2.0523)

[node name="Finger End 1_001" parent="MeshRoot/Robot/Armature/Skeleton3D" index="43"]
transform = Transform3D(0.293076, -0.111127, -0.949609, 0.940902, 0.209854, 0.265831, 0.169738, -0.971398, 0.166062, 3.03501, 4.14812, 5.13779)

[node name="Finger Middle 1_001" parent="MeshRoot/Robot/Armature/Skeleton3D" index="44"]
transform = Transform3D(0.293076, -0.111126, -0.949609, 0.940901, 0.209854, 0.265831, 0.169738, -0.971397, 0.166062, 2.96275, 4.03482, 4.90591)

[node name="Finger Base 1_001" parent="MeshRoot/Robot/Armature/Skeleton3D" index="45"]
transform = Transform3D(0.293076, -0.111127, -0.949609, 0.940901, 0.209852, 0.265831, 0.169737, -0.971397, 0.166062, 2.88806, 3.91707, 4.66565)

[node name="Finger End 2_001" parent="MeshRoot/Robot/Armature/Skeleton3D" index="46"]
transform = Transform3D(0.293076, -0.111127, -0.949609, 0.940901, 0.209853, 0.265831, 0.169737, -0.971397, 0.166062, 2.97598, 3.86008, 5.26133)

[node name="Finger Middle 2_001" parent="MeshRoot/Robot/Armature/Skeleton3D" index="47"]
transform = Transform3D(0.293076, -0.111127, -0.949609, 0.940901, 0.209853, 0.265831, 0.169738, -0.971397, 0.166062, 2.91189, 3.78716, 5.01152)

[node name="Finger Base 2_001" parent="MeshRoot/Robot/Armature/Skeleton3D" index="48"]
transform = Transform3D(0.293076, -0.111126, -0.949609, 0.940901, 0.209854, 0.265831, 0.169739, -0.971397, 0.166062, 2.84855, 3.71356, 4.76136)

[node name="Finger End 3_001" parent="MeshRoot/Robot/Armature/Skeleton3D" index="49"]
transform = Transform3D(0.294705, -0.110515, -0.949176, 0.939764, 0.213532, 0.266921, 0.17318, -0.970665, 0.166787, 2.90253, 3.55988, 5.32364)

[node name="Finger Middle 3_001" parent="MeshRoot/Robot/Armature/Skeleton3D" index="50"]
transform = Transform3D(0.294706, -0.110514, -0.949176, 0.939766, 0.213534, 0.266921, 0.173182, -0.970665, 0.166787, 2.85003, 3.53572, 5.06193)

[node name="Finger Base 3_001" parent="MeshRoot/Robot/Armature/Skeleton3D" index="51"]
transform = Transform3D(0.294706, -0.110514, -0.949176, 0.939764, 0.213533, 0.266921, 0.173182, -0.970664, 0.166787, 2.79241, 3.50766, 4.77253)

[node name="Finger End 4_001" parent="MeshRoot/Robot/Armature/Skeleton3D" index="52"]
transform = Transform3D(0.294705, -0.110515, -0.949176, 0.939764, 0.213532, 0.266921, 0.17318, -0.970665, 0.166787, 2.71161, 3.11882, 4.94109)

[node name="Finger Base 4_001" parent="MeshRoot/Robot/Armature/Skeleton3D" index="53"]
transform = Transform3D(0.294706, -0.110514, -0.949176, 0.939764, 0.213533, 0.266921, 0.173181, -0.970665, 0.166787, 2.72202, 3.3232, 4.64723)

[node name="Left Hand_001" parent="MeshRoot/Robot/Armature/Skeleton3D" index="54"]
transform = Transform3D(0.294107, -0.111397, -0.949258, 0.941104, 0.207085, 0.267279, 0.166803, -0.97196, 0.165741, 2.80648, 3.64787, 4.8607)

[node name="Left Wrist Guard" parent="MeshRoot/Robot/Armature/Skeleton3D" index="55"]
transform = Transform3D(0.294107, -0.111397, -0.949258, 0.941104, 0.207085, 0.267279, 0.166803, -0.97196, 0.165741, 2.58219, 3.56476, 3.91661)

[node name="Left Arm_011" parent="MeshRoot/Robot/Armature/Skeleton3D" index="56"]
transform = Transform3D(0.294107, -0.111397, -0.949258, 0.941104, 0.207086, 0.267279, 0.166804, -0.97196, 0.165741, 2.43623, 3.37771, 3.04835)

[node name="Left Arm_010" parent="MeshRoot/Robot/Armature/Skeleton3D" index="57"]
transform = Transform3D(0.294107, -0.111397, -0.949258, 0.941104, 0.207086, 0.267279, 0.166804, -0.97196, 0.165741, 2.39521, 3.34821, 2.86099)

[node name="Left Arm_009" parent="MeshRoot/Robot/Armature/Skeleton3D" index="58"]
transform = Transform3D(0.294078, -0.112123, -0.949182, 0.941357, 0.20586, 0.267336, 0.165424, -0.972137, 0.166087, 2.35413, 3.31859, 2.67367)

[node name="Left Arm_008" parent="MeshRoot/Robot/Armature/Skeleton3D" index="59"]
transform = Transform3D(0.29378, -0.11899, -0.948438, 0.943637, 0.194357, 0.267909, 0.152457, -0.973687, 0.169381, 2.31241, 3.28779, 2.48672)

[node name="Left Arm_007" parent="MeshRoot/Robot/Armature/Skeleton3D" index="60"]
transform = Transform3D(0.222361, -0.124933, -0.966926, 0.952434, 0.23981, 0.188044, 0.208385, -0.962747, 0.172315, 2.27202, 3.25947, 2.29907)

[node name="Left Arm_006" parent="MeshRoot/Robot/Armature/Skeleton3D" index="61"]
transform = Transform3D(0.292232, -0.126422, -0.947954, 0.946108, 0.182878, 0.267274, 0.139571, -0.974973, 0.173052, 2.23317, 3.23161, 2.12129)

[node name="Left Arm_005" parent="MeshRoot/Robot/Armature/Skeleton3D" index="62"]
transform = Transform3D(0.294295, -0.106006, -0.949817, 0.939158, 0.216262, 0.266856, 0.177121, -0.970563, 0.163202, 2.18855, 3.19828, 1.92296)

[node name="Left Arm_004" parent="MeshRoot/Robot/Armature/Skeleton3D" index="63"]
transform = Transform3D(0.294124, -0.112155, -0.949164, 0.941302, 0.206111, 0.267334, 0.16565, -0.97208, 0.166195, 2.14795, 3.1696, 1.73533)

[node name="Left Arm_003" parent="MeshRoot/Robot/Armature/Skeleton3D" index="64"]
transform = Transform3D(0.294027, -0.112616, -0.949139, 0.941544, 0.204981, 0.267353, 0.164448, -0.972265, 0.166303, 2.10676, 3.1398, 1.54806)

[node name="Left Arm_002" parent="MeshRoot/Robot/Armature/Skeleton3D" index="65"]
transform = Transform3D(0.293732, -0.112369, -0.94926, 0.941781, 0.204, 0.267269, 0.163617, -0.9725, 0.165748, 2.06555, 3.10979, 1.36082)

[node name="Left Arm_001" parent="MeshRoot/Robot/Armature/Skeleton3D" index="66"]
transform = Transform3D(0.293513, -0.112253, -0.949341, 0.941977, 0.203165, 0.267214, 0.162878, -0.972689, 0.165371, 2.0244, 3.0796, 1.17359)

[node name="Left Arm" parent="MeshRoot/Robot/Armature/Skeleton3D" index="67"]
transform = Transform3D(0.29633, -0.111445, -0.948561, 0.938754, 0.216866, 0.267787, 0.175868, -0.969819, 0.168883, 1.98327, 3.05066, 0.986327)

[node name="Left Shoulder" parent="MeshRoot/Robot/Armature/Skeleton3D" index="68"]
transform = Transform3D(1, 1.36216e-05, 0.000387535, 8.62787e-05, 0.966579, -0.25637, -0.000378045, 0.25637, 0.966579, 0.00471413, 2.51341, 0.448688)

[node name="Finger End 1" parent="MeshRoot/Robot/Armature/Skeleton3D" index="69"]
transform = Transform3D(0.290306, 0.11223, 0.950329, -0.94156, 0.210792, 0.262734, -0.170835, -0.971066, 0.166866, -2.99745, 4.14807, 5.14442)

[node name="Finger Middle 1" parent="MeshRoot/Robot/Armature/Skeleton3D" index="70"]
transform = Transform3D(0.290306, 0.11223, 0.950329, -0.94156, 0.210792, 0.262734, -0.170835, -0.971066, 0.166866, -2.92541, 4.03486, 4.91243)

[node name="Finger Base 1" parent="MeshRoot/Robot/Armature/Skeleton3D" index="71"]
transform = Transform3D(0.290306, 0.11223, 0.950329, -0.94156, 0.210792, 0.262734, -0.170835, -0.971067, 0.166866, -2.85044, 3.91734, 4.67214)

[node name="Finger End 2" parent="MeshRoot/Robot/Armature/Skeleton3D" index="72"]
transform = Transform3D(0.290306, 0.11223, 0.95033, -0.94156, 0.210792, 0.262734, -0.170835, -0.971067, 0.166866, -2.93935, 3.85969, 5.26761)

[node name="Finger Middle 2" parent="MeshRoot/Robot/Armature/Skeleton3D" index="73"]
transform = Transform3D(0.290306, 0.11223, 0.95033, -0.94156, 0.210792, 0.262734, -0.170835, -0.971067, 0.166866, -2.87535, 3.78691, 5.01773)

[node name="Finger Base 2" parent="MeshRoot/Robot/Armature/Skeleton3D" index="74"]
transform = Transform3D(0.290306, 0.11223, 0.950329, -0.94156, 0.210791, 0.262734, -0.170834, -0.971067, 0.166866, -2.81029, 3.71395, 4.76783)

[node name="Finger End 3" parent="MeshRoot/Robot/Armature/Skeleton3D" index="75"]
transform = Transform3D(0.290306, 0.11223, 0.950329, -0.94156, 0.210792, 0.262734, -0.170835, -0.971067, 0.166866, -2.86529, 3.55226, 5.32988)

[node name="Finger Middle 3" parent="MeshRoot/Robot/Armature/Skeleton3D" index="76"]
transform = Transform3D(0.290306, 0.11223, 0.95033, -0.94156, 0.210792, 0.262734, -0.170835, -0.971067, 0.166866, -2.81295, 3.52926, 5.06804)

[node name="Finger Base 3" parent="MeshRoot/Robot/Armature/Skeleton3D" index="77"]
transform = Transform3D(0.290306, 0.11223, 0.950329, -0.94156, 0.210792, 0.262734, -0.170835, -0.971067, 0.166866, -2.75405, 3.50289, 4.77873)

[node name="Finger End 4" parent="MeshRoot/Robot/Armature/Skeleton3D" index="78"]
transform = Transform3D(0.290306, 0.11223, 0.950329, -0.94156, 0.210792, 0.262734, -0.170835, -0.971066, 0.166866, -2.67612, 3.11248, 4.945)

[node name="Finger Base 4" parent="MeshRoot/Robot/Armature/Skeleton3D" index="79"]
transform = Transform3D(0.290306, 0.11223, 0.950329, -0.94156, 0.210792, 0.262734, -0.170835, -0.971066, 0.166866, -2.67825, 3.32052, 4.65353)

[node name="Right Hand" parent="MeshRoot/Robot/Armature/Skeleton3D" index="80"]
transform = Transform3D(0.288667, 0.113815, 0.95064, -0.942683, 0.207382, 0.261422, -0.167392, -0.971616, 0.167156, -2.8051, 3.63462, 4.87118)

[node name="Right Wrist Guard" parent="MeshRoot/Robot/Armature/Skeleton3D" index="81"]
transform = Transform3D(0.288667, 0.113815, 0.95064, -0.942683, 0.207382, 0.261422, -0.167392, -0.971616, 0.167156, -2.58037, 3.55857, 3.91609)

[node name="Right Arm_011" parent="MeshRoot/Robot/Armature/Skeleton3D" index="82"]
transform = Transform3D(-0.226908, -0.211648, 0.95064, 0.953124, 0.152356, 0.261422, -0.200165, 0.965397, 0.167156, -2.43254, 3.37205, 3.04816)

[node name="Right Arm_010" parent="MeshRoot/Robot/Armature/Skeleton3D" index="83"]
transform = Transform3D(-0.226909, -0.211648, 0.95064, 0.953124, 0.152356, 0.261422, -0.200165, 0.965397, 0.167156, -2.39147, 3.34248, 2.86082)

[node name="Right Arm_009" parent="MeshRoot/Robot/Armature/Skeleton3D" index="84"]
transform = Transform3D(-0.226759, -0.211961, 0.950606, 0.953015, 0.152992, 0.261447, -0.200852, 0.965228, 0.16731, -2.35037, 3.31286, 2.67351)

[node name="Right Arm_007" parent="MeshRoot/Robot/Armature/Skeleton3D" index="85"]
transform = Transform3D(-0.168834, -0.199614, 0.96522, 0.972226, 0.127312, 0.196388, -0.162086, 0.971569, 0.172575, -2.26848, 3.25334, 2.29873)

[node name="Right Arm_008" parent="MeshRoot/Robot/Armature/Skeleton3D" index="86"]
transform = Transform3D(-0.168834, -0.199614, 0.96522, 0.972226, 0.127312, 0.196388, -0.162086, 0.971569, 0.172575, -2.30722, 3.27804, 2.48726)

[node name="Right Arm_006" parent="MeshRoot/Robot/Armature/Skeleton3D" index="87"]
transform = Transform3D(-0.209161, -0.223173, 0.952074, 0.952198, 0.175192, 0.250255, -0.222646, 0.958906, 0.175861, -2.22945, 3.22569, 2.12206)

[node name="Right Arm_005" parent="MeshRoot/Robot/Armature/Skeleton3D" index="88"]
transform = Transform3D(-0.229044, -0.207047, 0.951142, 0.954663, 0.143092, 0.261041, -0.190149, 0.96781, 0.164886, -2.1846, 3.1923, 1.92221)

[node name="Right Arm_004" parent="MeshRoot/Robot/Armature/Skeleton3D" index="89"]
transform = Transform3D(-0.22653, -0.212542, 0.950531, 0.952868, 0.153844, 0.261487, -0.20181, 0.964965, 0.167674, -2.14391, 3.16351, 1.73471)

[node name="Right Arm_003" parent="MeshRoot/Robot/Armature/Skeleton3D" index="90"]
transform = Transform3D(-0.226448, -0.21265, 0.950527, 0.952807, 0.154212, 0.261491, -0.202188, 0.964883, 0.167694, -2.10265, 3.13362, 1.54747)

[node name="Right Arm_002" parent="MeshRoot/Robot/Armature/Skeleton3D" index="91"]
transform = Transform3D(-0.226366, -0.212252, 0.950635, 0.952742, 0.154738, 0.261416, -0.202585, 0.964886, 0.167194, -2.06143, 3.10365, 1.36023)

[node name="Right Arm_001" parent="MeshRoot/Robot/Armature/Skeleton3D" index="92"]
transform = Transform3D(-0.226092, -0.212055, 0.950744, 0.952537, 0.156124, 0.26134, -0.203853, 0.964706, 0.166692, -2.02026, 3.07349, 1.17301)

[node name="Right Arm" parent="MeshRoot/Robot/Armature/Skeleton3D" index="93"]
transform = Transform3D(-0.228374, -0.212548, 0.950089, 0.954131, 0.145192, 0.261827, -0.193596, 0.966303, 0.16964, -1.97907, 3.04426, 0.985704)

[node name="Right Shoulder" parent="MeshRoot/Robot/Armature/Skeleton3D" index="94"]
transform = Transform3D(1, 1.36624e-05, 0.00038753, 8.61282e-05, 0.966579, -0.25637, -0.000378081, 0.25637, 0.966579, 0.00471377, 2.51341, 0.448688)

[node name="Hips" parent="MeshRoot/Robot/Armature/Skeleton3D" index="95"]
transform = Transform3D(0.998041, 4.42389e-05, 0.0625564, 0.00865163, 0.990292, -0.138731, -0.0619553, 0.139, 0.988352, 0.00464276, -0.322942, -0.148072)

[node name="AnimationTree" type="AnimationTree" parent="MeshRoot"]
root_node = NodePath("../Robot")
tree_root = SubResource("AnimationNodeBlendTree_0fiv8")
anim_player = NodePath("../Robot/AnimationPlayer")
parameters/is_gliding/blend_amount = 0.0
parameters/jump/active = false
parameters/jump/internal_active = false
parameters/jump/request = 0
parameters/movement_anim_speed/scale = 1.0
parameters/movement_blend/blend_position = 0.0
parameters/on_floor_blend/blend_amount = 0.0

[node name="Glider" parent="MeshRoot" node_paths=PackedStringArray("player") instance=ExtResource("11_inerc")]
transform = Transform3D(0.2, 0, 0, 0, 0.2, 0, 0, 0, 0.2, 0, 0, 0)
script = ExtResource("12_sntr0")
player = NodePath("../..")

[node name="CamRoot" type="Node3D" parent="." node_paths=PackedStringArray("player")]
transform = Transform3D(1, 0, 0, 0, 1, 0, 0, 0, 1, 0, 0.869557, 0)
script = ExtResource("13_j0ncc")
player = NodePath("..")

[node name="CamYaw" type="Node3D" parent="CamRoot"]

[node name="CamPitch" type="Node3D" parent="CamRoot/CamYaw"]

[node name="SpringArm3D" type="SpringArm3D" parent="CamRoot/CamYaw/CamPitch" node_paths=PackedStringArray("player")]
shape = SubResource("SphereShape3D_fbxo0")
spring_length = -3.0
script = ExtResource("14_jlokr")
player = NodePath("../../../..")

[node name="Camera3D" type="Camera3D" parent="CamRoot/CamYaw/CamPitch/SpringArm3D"]
transform = Transform3D(-1, 0, -8.74228e-08, 0, 1, 0, 8.74228e-08, 0, -1, 0, 0, 0)
current = true

[node name="HurtOverlay" type="TextureRect" parent="."]
modulate = Color(1, 1, 1, 0)
anchors_preset = 15
anchor_right = 1.0
anchor_bottom = 1.0
grow_horizontal = 2
grow_vertical = 2
texture = ExtResource("15_4lvj7")
expand_mode = 1

[node name="SpeedOverlay" type="ColorRect" parent="."]
modulate = Color(1, 1, 1, 0)
material = SubResource("ShaderMaterial_5ddcd")
anchors_preset = 15
anchor_right = 1.0
anchor_bottom = 1.0
grow_horizontal = 2
grow_vertical = 2
color = Color(0, 0, 0, 1)

[node name="HealthBar" type="ProgressBar" parent="." node_paths=PackedStringArray("damage_bar")]
z_index = 1
offset_left = 8.0
offset_top = 14.0
offset_right = 248.0
offset_bottom = 54.0
theme_override_fonts/font = SubResource("FontVariation_364hi")
theme_override_styles/background = SubResource("StyleBoxEmpty_ai30p")
theme_override_styles/fill = SubResource("StyleBoxFlat_dxccx")
value = 60.0
script = ExtResource("17_ic8d8")
damage_bar = NodePath("DamageBar")

[node name="DamageBar" type="ProgressBar" parent="HealthBar"]
z_index = -1
layout_mode = 1
anchors_preset = 15
anchor_right = 1.0
anchor_bottom = 1.0
grow_horizontal = 2
grow_vertical = 2
theme_override_styles/background = SubResource("StyleBoxFlat_5ofko")
theme_override_styles/fill = SubResource("StyleBoxFlat_q6b0o")
value = 80.0
show_percentage = false

[node name="Timer" type="Timer" parent="HealthBar"]
wait_time = 0.4
one_shot = true

[node name="GameOverScreen" parent="." instance=ExtResource("18_pn5pv")]
visible = false

[node name="FallDamage" type="AudioStreamPlayer" parent="."]
stream = ExtResource("16_0wh5x")
pitch_scale = 0.75

[node name="SoundEffects" type="AudioStreamPlayer" parent="."]

